150.326729
7.593839
2.977121
43.571929
0.000000 284.607941
0.000000 285.086304
0.000000 285.668030
0.000000 281.321777
0.000000 276.099548
0.000000 273.777008
0.000000 273.225739
0.000000 273.913055
0.000000 275.074860
0.000000 275.918152
0.000000 275.926788
0.000000 275.392639
0.000000 274.997650
0.000000 275.556122
0.000000 276.411041
0.000000 276.350403
0.000000 274.509827
0.000000 271.493225
0.000000 270.660095
0.000000 272.415619
0.000000 273.853516
0.000000 273.335815
0.000000 271.853027
0.000000 272.659821
0.000000 277.158020
0.000000 276.541046
0.000000 269.173279
0.000000 267.857147
0.000000 268.182922
0.000000 0.000000
0.000000 0.000000
0.000000 0.000000
0.000000 0.000000
0.000000 0.000000
0.000000 0.000000
0.000000 0.000000
0.000000 0.000000
0.000000 0.000000
0.000000 0.000000
0.000000 0.000000
0.000000 0.000000
0.000000 0.000000
0.000000 0.000000
0.000000 0.000000
0.000000 0.000000
0.000000 2639.138428
0.000000 2587.269043
0.000000 2555.040527
0.000000 2553.561279
0.000000 0.000000
0.000000 2663.848145
0.000000 2647.853760
0.000000 2595.644775
0.000000 2595.644775
0.000000 2658.227783
0.000000 2709.677490
0.000000 2723.062744
0.000000 0.000000
0.000000 0.000000
0.000000 0.000000
0.000000 0.000000
0.000000 0.000000
0.000000 0.000000
0.000000 0.000000
0.000000 0.000000
0.000000 0.000000
0.000000 0.000000
0.000000 0.000000
0.000000 0.000000
0.000000 0.000000
0.000000 0.000000
0.000000 0.000000
0.000000 0.000000
0.000000 0.000000
0.000000 0.000000
0.000000 0.000000
0.000000 2656.626709
0.000000 2634.408691
0.000000 2676.783203
0.000000 0.000000
0.000000 0.000000
0.000000 0.000000
0.000000 0.000000
0.000000 0.000000
0.000000 0.000000
0.000000 0.000000
0.000000 0.000000
0.000000 0.000000
0.000000 0.000000
0.000000 2829.644043
0.000000 2736.580811
0.000000 2703.862793
0.000000 2688.205078
0.000000 2663.043457
0.000000 0.000000
0.000000 0.000000
0.000000 0.000000
0.000000 2684.114746
0.000000 2741.685059
0.000000 2727.272705
0.000000 0.000000
0.000000 0.000000
0.000000 0.000000
0.000000 0.000000
0.000000 0.000000
263.236450 0.000000
263.189301 0.000000
263.716553 0.000000
263.953308 0.000000
263.519562 0.000000
262.632904 0.000000
262.258026 2860.850098
262.797211 2770.100586
263.228577 2703.862793
262.977448 2679.222412
262.640686 2684.114746
262.656342 2695.599121
262.812866 2692.307861
262.812866 0.000000
262.726776 2644.677734
262.734589 2601.770020
262.805054 2545.454834
262.805054 2522.883301
262.726776 2537.399414
262.671997 2563.953613
262.695465 2593.354980
262.758087 2626.563477
262.820709 2635.195801
262.828552 2624.219238
262.765900 2610.239990
262.695465 2607.924316
262.687622 2628.128906
262.687622 2674.348145
262.671997 2713.846191
262.640686 2711.343506
262.593781 2654.228027
262.554718 2569.181641
262.570343 2555.040527
262.617249 2625.000000
262.609436 2675.159424
262.554718 2658.227783
262.515625 2609.467529
262.507812 2578.947266
262.507812 2555.040527
262.476562 2531.572998
262.453125 2535.940186
262.476562 2562.463867
262.554718 0.000000
262.632904 2580.456299
262.656342 2570.679199
262.640686 2566.191406
262.648529 2570.679199
262.695465 0.000000
262.711090 160.151077
262.718933 160.000000
262.758087 2617.210938
262.805054 2556.521729
262.820709 2509.960205
262.867706 2500.708984
262.930389 2520.720459
262.922546 0.000000
262.875549 0.000000
262.906860 0.000000
262.969604 0.000000
262.953918 0.000000
262.899048 0.000000
262.883362 0.000000
262.867706 0.000000
262.891205 454.404938
262.993103 168.645676
263.040161 246.575333
262.891205 246.430664
262.695465 0.000000
262.664154 0.000000
262.726776 0.000000
262.664154 0.000000
262.468750 170.464432
262.343842 0.000000
262.398468 0.000000
262.539062 171.258804
262.562531 171.425232
262.460968 0.000000
262.367249 0.000000
262.398468 0.000000
262.593781 171.421906
262.797211 171.485229
262.875549 171.385269
262.922546 0.000000
263.032318 0.000000
263.110779 0.000000
263.102936 0.000000
263.165741 0.000000
263.315033 0.000000
263.385803 0.000000
263.338623 0.000000
263.322876 259.449921
263.338623 259.198303
263.307159 258.469116
263.220734 257.902283
263.157898 255.882095
263.142212 266.336517
263.110779 266.658600
263.040161 249.540237
262.985260 248.569748
262.930389 247.752808
262.867706 246.989639
262.867706 271.142670
262.946075 272.339905
263.511688 271.861420
264.032349 271.484863
263.977020 271.585175
263.921722 294.648224
263.629852 0.000000
262.993103 0.000000
262.468750 0.000000
262.609436 180.530533
263.040161 180.088196
263.048035 0.000000
262.781555 261.333344
262.687622 493.316193
262.797211 0.000000
262.852051 0.000000
262.797211 0.000000
262.773712 196.436523
262.844208 0.000000
262.891205 1504.605957
262.836365 1500.000000
262.765900 1497.453369
262.758087 1493.396606
262.797211 1486.600464
262.859863 1477.882080
262.891205 1477.634521
262.852051 1483.350220
262.781555 1489.864990
262.750244 1486.349976
262.750244 1459.057007
262.742401 1394.687012
262.711090 1324.722046
262.671997 1301.844971
262.617249 261.279144
262.609436 257.623566
262.648529 257.585938
262.664154 262.117767
262.625061 269.724762
262.570343 275.556122
262.554718 280.213501
262.562531 282.782959
262.546875 282.846436
262.515625 281.474396
262.507812 280.124512
262.562531 278.902100
262.640686 277.812775
262.687622 277.018768
262.679810 276.307129
262.671997 275.521698
262.711090 274.937653
262.742401 274.689331
262.750244 274.629456
262.781555 274.561096
262.828552 274.458557
262.852051 274.211090
262.883362 273.615631
262.946075 272.718842
262.961731 271.760895
262.914703 270.784729
262.922546 269.683533
262.985260 268.435944
262.993103 267.094666
262.946075 265.886902
262.914703 264.944427
262.899048 264.135132
262.899048 263.385803
262.977448 262.828552
263.063721 262.515625
262.985260 262.414093
262.773712 262.468750
262.679810 262.609436
262.734589 262.711090
262.726776 262.820709
262.562531 263.087250
262.390686 263.606201
262.382874 264.103485
262.515625 264.301361
262.585968 264.269653
262.523438 264.095581
262.414093 263.700775
262.398468 263.197174
262.546875 262.828552
262.773712 262.429718
262.899048 261.853180
262.938232 261.232697
263.024506 260.715363
263.134338 260.276794
263.134338 259.946960
263.165741 259.908630
263.299286 260.023590
263.409393 259.977600
263.385803 259.679077
263.346466 259.289734
263.362213 258.909180
263.354340 258.423676
263.275726 257.796753
263.197174 257.300385
263.165741 256.970551
263.142212 256.731201
263.087250 257.352936
263.024506 259.106934
262.969604 260.538208
262.899048 261.224976
262.875549 262.141113
262.906860 265.263153
263.189301 270.295105
444.556458 273.031189
400.363129 274.168457
396.084076 274.202576
393.873108 273.225739
392.995605 271.284454
392.943085 131.103683
393.065643 238.552444
392.978088 238.468613
392.768097 286.801300
392.785553 130.297974
393.153259 130.777100
393.521606 131.136810
393.486511 131.437775
393.240906 0.000000
393.188324 0.000000
393.223358 0.000000
393.100677 0.000000
392.995605 0.000000
393.083160 385.877411
393.170776 387.709351
393.100677 0.000000
393.030609 0.000000
393.065643 0.000000
393.065643 0.000000
393.013092 0.000000
392.978088 369.501465
392.960571 365.459534
392.873047 363.501495
392.785553 371.243378
392.768097 379.779541
392.855560 383.962402
392.908051 386.435333
392.855560 388.494904
392.785553 390.248230
392.768097 391.547546
392.733093 392.348755
392.628204 392.733093
392.575775 392.803070
392.663177 392.715607
392.820557 392.645660
392.855560 392.610748
392.803070 392.575775
392.733093 392.505920
392.628204 392.436035
392.470978 392.296387
392.418579 392.017426
392.523376 391.686676
392.663177 391.425903
392.698120 391.286987
392.610748 391.217560
392.488434 391.078796
392.436035 390.801544
392.453491 390.420959
392.505920 390.058380
392.575775 389.748108
392.593231 389.507141
392.558319 389.318024
392.523376 389.232117
392.488434 389.283691
392.453491 389.472778
392.418579 389.730896
392.453491 390.023895
392.523376 390.317291
392.593231 390.472809
392.645660 390.541992
392.663177 390.714996
392.628204 391.148163
392.540833 391.721436
392.505920 392.296387
392.558319 392.715607
392.610748 392.960571
392.593231 393.100677
392.540833 393.258423
392.523376 393.381195
392.488434 393.293518
392.453491 393.030609
392.488434 392.855560
392.593231 392.960571
392.680634 393.153259
392.680634 393.311035
392.628204 393.416290
392.558319 393.556732
392.505920 393.820343
392.488434 394.278046
392.540833 394.825195
392.663177 395.143616
392.785553 395.196716
392.820557 395.196716
392.750610 395.320679
392.628204 395.515686
392.470978 395.693146
392.366211 395.941833
392.453491 396.279846
392.680634 396.618378
392.855560 396.886108
392.943085 397.046906
392.943085 397.172089
392.908051 397.225739
392.890533 396.993286
392.978088 396.351044
393.153259 395.391602
393.293518 394.295685
393.697266 393.100677
396.886108 391.773621
397.978516 390.300049
396.030731 389.146271
394.472046 389.060425
393.679718 390.836182
393.433868 394.560272
393.328552 397.082672
393.100677 395.710876
392.820557 199.696609
392.803070 201.337677
393.153259 202.061859
393.539185 201.798340
393.539185 406.357971
393.311035 404.253387
393.240906 0.000000
393.258423 1328.513306
393.153259 1331.923828
393.065643 1367.229858
393.170776 0.000000
393.293518 536.496399
393.223358 532.319397
393.118195 398.572021
393.100677 393.961029
393.100677 388.803162
393.065643 387.300751
393.048126 387.147766
393.048126 385.725525
392.960571 377.649323
392.855560 369.315826
392.803070 367.714508
392.855560 370.510406
392.908051 376.087311
392.855560 384.481262
392.750610 392.593231
392.715607 397.029053
392.698120 398.860382
392.610748 399.275696
392.540833 398.842377
392.628204 397.834930
392.768097 396.529266
392.838043 395.409302
392.803070 394.666199
392.733093 394.419098
392.645660 394.613220
392.470978 395.037384
392.383667 395.444763
392.488434 395.675385
392.645660 395.657623
392.698120 395.427032
392.610748 395.055115
392.488434 394.507324
392.418579 393.837921
392.436035 393.170776
392.488434 392.470978
392.558319 391.721436
392.593231 391.113495
392.558319 390.853485
392.505920 390.853485
392.488434 390.853485
392.453491 390.732300
392.401123 390.438263
392.418579 390.023895
392.505920 389.610382
392.575775 389.352417
392.628204 389.318024
392.645660 389.455566
392.628204 389.644806
392.540833 389.782562
392.488434 389.937653
392.523376 390.282776
392.593231 390.888153
392.575775 391.495422
392.540833 391.895508
392.505920 392.156860
392.488434 392.505920
392.436035 392.960571
392.453491 393.363647
392.558319 393.714844
392.663177 393.961029
392.680634 394.154694
392.628204 394.242798
392.558319 394.207581
392.488434 393.996246
392.470978 393.767609
392.505920 393.662109
392.628204 393.697266
392.750610 393.802734
392.803070 393.908264
392.750610 393.978668
392.628204 393.978668
392.470978 393.978668
392.348755 394.101868
392.418579 394.242798
392.628204 394.225189
392.838043 393.978668
392.925568 393.662109
392.943085 393.381195
392.908051 393.258423
392.873047 393.468933
392.943085 393.996246
393.118195 394.577911
393.275940 395.002014
393.398743 395.232117
398.896484 395.267548
430.201935 395.090485
439.812531 394.630859
442.304779 393.890686
442.659973 392.908051
442.060944 391.878082
441.264740 390.974792
440.757568 390.334595
440.317505 390.041107
439.768646 389.937653
439.374298 389.868713
439.089966 389.885956
438.958862 390.041107
439.155548 390.351868
439.637146 390.836182
439.834442 391.443298
439.593292 392.226624
439.461884 393.240906
439.593292 394.524963
439.549469 396.208618
439.308655 398.302032
439.286774 400.435852
439.527588 402.427338
439.702881 404.531494
439.505707 407.465607
439.221161 411.649414
439.133667 417.060730
439.199310 423.244873
439.330566 430.138977
439.527588 438.609589
439.505707 447.102936
439.155548 452.261292
439.046234 454.475220
439.396210 455.366821
439.571411 455.554993
439.308655 455.343323
439.068085 455.178802
439.155548 455.131866
439.286774 454.944061
439.352417 454.686066
439.330566 454.756378
439.199310 454.990997
439.068085 454.873657
439.177399 454.241119
439.527588 453.470428
439.922180 452.795319
440.185669 452.075836
440.119781 451.243256
439.856354 450.390656
439.593292 449.678802
439.549469 449.312256
439.812531 449.243622
440.229584 449.266510
440.471436 449.289398
440.427460 449.472565
440.207611 449.701721
440.075836 449.747589
440.185669 449.610046
440.559448 449.587128
440.823669 449.678802
440.801636 449.564178
440.713531 448.969208
440.647461 448.079681
440.625458 447.239014
440.779602 446.627502
441.022064 446.130493
441.088226 445.634613
440.911835 444.847931
440.757568 443.706604
440.603485 442.326996
440.515442 440.977966
440.515442 439.900238
440.559448 439.111816
440.493439 438.565948
440.339478 438.130249
440.119781 437.630249
439.944153 437.001434
439.834442 436.374451
439.812531 435.943085
439.812531 435.835358
439.834442 436.029266
439.724792 436.482422
439.527588 437.218079
439.418091 438.173798
439.440002 439.155548
439.418091 439.966064
439.418091 440.625458
439.440002 441.132324
439.440002 441.286835
439.330566 441.022064
439.264923 440.603485
439.264923 440.339478
439.264923 440.317505
439.286774 440.339478
439.308655 440.317505
439.286774 440.515442
439.199310 440.801636
439.177399 440.779602
439.199310 440.515442
439.199310 440.361481
439.199310 440.207611
439.286774 439.922180
439.440002 439.571411
439.308655 439.374298
438.021454 439.396210
437.695404 439.418091
439.790558 439.221161
441.441437 438.762299
442.016663 438.435150
441.662506 438.500549
440.977966 438.740479
440.427460 438.805969
439.988037 438.522339
439.571411 437.912720
439.089966 437.088074
438.827789 436.050812
439.068085 434.247437
439.527588 431.211517
439.680939 427.118652
439.527588 423.001312
439.483765 422.859344
439.549469 432.416534
439.483765 437.695404
439.352417 437.218079
439.352417 436.331268
439.440002 435.749207
439.527588 435.448029
439.549469 435.190216
439.374298 434.846924
439.133667 434.397186
439.155548 433.905640
439.396210 433.393951
439.549469 433.053467
439.527588 433.053467
439.286774 433.181091
439.111816 433.053467
439.221161 432.565002
439.440002 431.971802
439.418091 431.654663
439.221161 431.844879
439.111816 432.374146
439.133667 432.947174
439.243011 433.457855
439.308655 433.948334
439.177399 434.461365
438.980682 434.997040
439.046234 435.620087
439.330566 436.244934
439.659027 436.936493
439.988037 437.760590
440.141724 438.675018
439.900238 439.418091
439.571411 439.790558
439.440002 439.922180
439.615204 440.075836
439.966064 440.163666
440.295532 440.053894
440.383453 439.746735
440.229584 439.243011
439.988037 438.500549
439.966064 437.717133
440.273560 437.153076
440.647461 436.914856
440.713531 436.828278
440.625458 436.871552
440.559448 436.958160
440.515442 436.958160
440.559448 436.936493
440.823669 436.979797
440.977966 437.001434
440.889771 436.936493
440.691528 436.893188
440.559448 437.088074
440.427460 437.478302
440.405457 438.021454
440.471436 438.784149
440.449432 439.790558
440.339478 441.000000
440.141724 442.326996
439.944153 443.661957
439.812531 444.870392
439.746735 445.814819
439.746735 446.378876
439.768646 446.604889
439.746735 446.785858
439.571411 447.239014
439.396210 447.738464
439.396210 447.693024
439.396210 446.514465
439.374298 444.019318
439.396210 440.449432
439.418091 436.460815
439.352417 432.819702
439.243011 430.076050
439.221161 428.467346
439.243011 428.529785
439.243011 221.981735
439.264923 223.948807
439.286774 434.097870
439.221161 437.109741
439.133667 439.374298
439.155548 440.009979
439.177399 439.724792
439.155548 439.461884
439.199310 147.538513
439.352417 437.760590
439.505707 230.914230
436.655304 233.012787
416.469910 234.001907
403.255310 0.000000
397.852844 0.000000
395.055115 221.452240
393.873108 0.000000
393.609436 0.000000
393.398743 0.000000
393.048126 0.000000
393.013092 0.000000
393.398743 0.000000
393.802734 0.000000
393.820343 0.000000
393.644562 0.000000
393.556732 0.000000
393.486511 0.000000
393.293518 0.000000
393.223358 0.000000
393.328552 0.000000
393.416290 0.000000
393.328552 0.000000
393.240906 0.000000
393.205841 0.000000
393.153259 0.000000
393.100677 0.000000
393.118195 0.000000
393.100677 406.920410
393.013092 402.317200
392.890533 398.770233
392.838043 396.368866
392.855560 394.984314
392.908051 394.260437
392.890533 393.679718
392.768097 393.013092
392.715607 392.209167
392.715607 391.460663
392.645660 391.026794
392.540833 391.078796
392.575775 391.547546
392.750610 392.156860
392.838043 392.768097
392.785553 393.293518
392.733093 393.451416
392.628204 393.013092
392.470978 392.087128
392.366211 390.974792
392.436035 389.851471
392.610748 388.940338
392.680634 388.289673
392.610748 387.982239
392.488434 387.811646
392.401123 387.385803
392.401123 386.825134
392.453491 386.604706
392.523376 386.740326
392.575775 386.943939
392.540833 387.096802
392.505920 387.181732
392.470978 387.164734
392.436035 387.028839
392.401123 386.842102
392.401123 386.876038
392.488434 387.334778
392.558319 388.050507
392.610748 388.820312
392.628204 389.575989
392.610748 390.317291
392.540833 390.940125
392.470978 391.304352
392.505920 391.391174
392.575775 391.304352
392.558319 391.096130
392.523376 390.818878
392.488434 390.455536
392.470978 389.920441
392.418579 389.163422
392.436035 388.289673
392.523376 387.300751
392.628204 385.995636
392.663177 384.397491
392.610748 382.912231
392.540833 381.917389
392.470978 381.207611
392.436035 380.582520
392.470978 380.188812
392.593231 380.336365
392.733093 381.009979
392.785553 381.867767
392.733093 382.613220
392.628204 383.145111
392.453491 383.595032
392.331299 384.096161
392.383667 384.799988
392.593231 385.708679
392.803070 386.740326
392.908051 387.913971
392.925568 389.043274
392.890533 390.041107
392.855560 391.113495
392.908051 392.733093
393.083160 394.789856
393.240906 396.725464
393.311035 398.355988
393.311035 399.329926
393.275940 399.040863
393.188324 397.852844
393.048126 396.564911
392.925568 395.373840
392.978088 394.330933
393.153259 393.767609
393.258423 394.031464
393.100677 395.267548
392.855560 398.284058
392.768097 403.827667
392.838043 408.882324
393.065643 410.882324
393.398743 413.793121
393.662109 131.130966
393.662109 831.134521
393.381195 816.817932
393.013092 215.253204
392.750610 213.585175
392.733093 211.841003
392.855560 210.772842
392.925568 0.000000
392.803070 0.000000
392.558319 0.000000
392.331299 0.000000
392.139435 0.000000
392.017426 0.000000
392.069702 0.000000
392.366211 0.000000
392.645660 0.000000
392.663177 0.000000
392.575775 0.000000
392.470978 0.000000
392.401123 0.000000
392.470978 0.000000
392.680634 0.000000
392.855560 0.000000
392.838043 0.000000
392.680634 0.000000
392.505920 0.000000
392.418579 0.000000
392.418579 0.000000
392.453491 0.000000
392.523376 0.000000
392.558319 0.000000
392.575775 0.000000
392.540833 0.000000
392.418579 0.000000
392.174316 0.000000
391.982574 0.000000
392.034851 0.000000
392.313873 0.000000
392.645660 216.744904
392.838043 0.000000
392.663177 0.000000
392.296387 0.000000
392.017426 0.000000
391.930328 0.000000
392.226624 0.000000
389.335236 0.000000
388.272583 0.000000
386.333771 0.000000
0.000000 0.000000
0.000000 0.000000
0.000000 0.000000
0.000000 0.000000
0.000000 0.000000
0.000000 0.000000
0.000000 0.000000
0.000000 0.000000
0.000000 324.372040
0.000000 325.954407
0.000000 0.000000
0.000000 0.000000
0.000000 0.000000
0.000000 0.000000
0.000000 0.000000
0.000000 0.000000
0.000000 0.000000
0.000000 0.000000
0.000000 0.000000
0.000000 0.000000
0.000000 0.000000
0.000000 0.000000
0.000000 0.000000
0.000000 0.000000
0.000000 0.000000
0.000000 0.000000
0.000000 0.000000
0.000000 0.000000
0.000000 0.000000
0.000000 0.000000
0.000000 0.000000
0.000000 0.000000
0.000000 0.000000
0.000000 0.000000
0.000000 0.000000
0.000000 0.000000
0.000000 0.000000
0.000000 0.000000
0.000000 0.000000
0.000000 0.000000
0.000000 0.000000
359.897186 820.846924
354.003632 822.377625
352.799988 282.384583
352.602539 834.200378
352.236420 835.069153
351.282471 834.911011
350.138947 836.415405
349.639282 836.812134
349.791809 832.311035
349.888916 830.586670
349.902802 829.961426
350.125031 829.805237
350.236267 321.991852
350.138947 315.495789
350.027771 314.808838
350.013916 314.360046
349.986115 315.902557
349.986115 320.599060
350.180664 325.185242
350.319733 327.954193
350.194550 329.768951
350.000000 330.745850
349.972229 330.572327
350.027771 330.238159
349.972229 331.093536
349.791809 332.792511
349.653107 333.850647
349.666962 334.458313
349.764038 335.756958
349.847290 337.259125
349.861145 338.073547
349.819519 338.488678
349.805664 339.009094
349.875061 339.622620
349.972229 340.185913
349.958344 340.803711
349.847290 341.489868
349.805664 342.072601
349.861145 342.351440
349.930573 342.165497
349.986115 341.450195
350.111145 340.304047
350.347565 339.230774
350.458923 338.800781
350.319733 338.996094
350.208466 339.544189
350.347565 340.277771
350.570374 341.001373
350.626099 341.542755
350.584290 341.860474
350.695831 342.046082
350.891144 342.152222
350.919067 342.311554
350.765564 342.683960
350.709747 343.297516
350.849274 344.154846
350.988892 345.164948
351.044769 346.181030
351.086700 347.189423
351.142609 348.148743
351.128632 348.920013
351.016815 349.486877
350.905121 349.805664
350.891144 349.861145
350.988892 349.680847
351.058746 349.293091
351.100677 348.699280
351.114655 348.121246
351.100677 347.709534
351.072723 347.490356
351.072723 347.435608
351.072723 347.517731
351.044769 347.641022
351.044769 347.805511
351.072723 347.970184
351.142609 348.038818
351.142609 348.080048
351.058746 348.162476
350.974915 348.162476
350.960968 347.983917
350.988892 347.736938
350.974915 347.558807
350.947021 347.517731
350.947021 347.654724
350.974915 347.887817
350.947021 348.231201
350.849274 348.740662
350.779510 349.417633
350.779510 350.069458
350.821350 350.528595
350.779510 350.807404
350.681885 350.988892
350.640076 351.142609
350.709747 351.226501
350.765564 351.310455
350.723724 351.506470
350.653992 351.744751
350.681885 351.899139
350.723724 351.927216
350.653992 351.927216
350.542511 351.857025
350.528595 351.716705
350.556458 351.520447
350.793457 351.310455
352.447540 351.114655
353.252167 350.891144
352.785889 350.667938
352.194244 350.556458
351.366425 350.528595
350.458923 350.472870
349.986115 350.291931
350.000000 350.083344
350.041656 349.875061
350.069458 349.625397
350.305817 349.251617
350.431091 348.740662
350.333649 348.272461
350.194550 348.052551
350.152832 348.162476
350.111145 348.396271
350.111145 348.533936
350.291931 348.575256
350.445007 348.589050
350.319733 348.533936
350.097260 348.368774
350.041656 348.121246
350.097260 347.819214
350.041656 347.408203
349.861145 346.943604
349.708557 346.589142
349.708557 346.303345
349.805664 345.950195
349.888916 345.502991
349.888916 345.137939
349.847290 345.002930
349.805664 345.002930
349.875061 344.975952
349.972229 344.854553
349.972229 344.706299
349.861145 344.558167
349.805664 344.437073
349.861145 344.329498
349.944458 344.302582
350.000000 344.383301
350.125031 344.410187
350.361511 344.316040
350.500702 344.181671
350.389313 343.993774
350.250183 343.752441
350.375397 343.538208
350.598267 343.457947
350.681885 343.377747
350.640076 343.270813
350.723724 343.244110
350.919067 343.284180
350.974915 343.350983
350.849274 343.431183
350.779510 343.457947
350.877197 343.350983
351.030823 343.137238
351.086700 342.923767
351.128632 342.670685
351.184570 342.351440
351.184570 342.125702
351.086700 342.112427
350.960968 342.218597
350.947021 342.285004
351.016815 342.298309
351.100677 342.271729
351.142609 342.231873
351.156586 342.205322
351.142609 342.378021
351.114655 342.790527
351.100677 343.244110
351.114655 343.444580
351.086700 343.484711
351.072723 343.618530
351.100677 343.966919
351.170563 344.450531
351.170563 345.056915
351.100677 345.719666
351.016815 346.344147
350.988892 346.834442
351.016815 347.121094
351.002869 347.162079
350.974915 346.957245
350.974915 346.698120
351.002869 346.493805
350.974915 346.316956
350.891144 346.072357
350.807404 345.787445
350.807404 345.435303
350.849274 344.948944
350.821350 344.423645
350.723724 343.980347
350.681885 343.591736
350.737671 343.230713
350.793457 342.857147
350.751617 342.457794
350.695831 342.006317
350.709747 341.503082
350.751617 340.895905
350.695831 340.225281
350.584290 339.557281
350.542511 339.217712
350.584290 339.504974
350.570374 340.527374
350.709747 341.688293
349.113373 342.165497
340.487946 342.205322
335.527069 342.218597
333.736938 342.178772
332.316040 342.032806
331.205414 341.714783
331.056213 341.159637
331.329803 340.501099
331.242737 339.923676
330.956848 339.348236
330.869934 338.462738
330.832703 337.271973
330.783112 335.936035
330.869934 334.458313
331.031372 333.018677
331.118378 331.940857
331.018951 331.043823
330.944427 330.126862
330.981659 329.522522
330.894775 329.190460
330.609497 328.675232
330.510406 327.832275
330.683868 327.005768
330.820312 326.412811
330.795471 326.002594
330.621887 325.713654
330.448456 325.665558
330.324707 325.870087
330.250488 326.183441
330.262878 326.412811
330.386597 326.557831
330.498016 326.678772
330.473236 326.775574
330.473236 326.836151
330.584717 326.824036
330.634277 326.690857
330.498016 326.436951
330.299957 326.086945
330.238159 325.713654
330.337067 325.365234
330.448456 325.113342
330.498016 325.017517
330.621887 325.029510
330.857544 325.065430
331.006531 325.113342
330.869934 325.257202
330.646667 325.533325
330.696259 325.882141
330.956848 326.219635
331.093536 326.473206
331.068634 326.533661
331.068634 326.376556
331.230286 326.123108
331.392090 326.026703
331.342285 326.062836
331.180511 325.942352
331.155670 325.701630
331.304932 325.521301
331.429443 325.329224
331.466797 324.981598
331.504181 324.551056
331.566467 324.383972
331.566467 324.515228
331.479279 324.694458
331.354736 324.742249
331.304932 324.706390
331.367157 324.682495
331.454346 324.634705
331.504181 324.455566
331.529083 324.169373
331.529083 323.883667
331.504181 323.681610
331.479279 323.669739
331.479279 323.907471
331.479279 324.312408
331.454346 324.778137
331.441895 325.305206
331.479279 325.894196
331.529083 326.509460
331.554047 327.114929
331.491699 327.673950
331.392090 328.125000
331.354736 328.467163
331.379608 328.736511
331.392090 328.993988
331.354736 329.251892
331.342285 329.448669
331.354736 329.584106
331.367157 329.805939
331.329803 330.163971
331.230286 330.411316
331.168121 330.448456
331.192963 330.299957
331.230286 329.953979
331.192963 329.497925
331.093536 329.165863
331.056213 329.006287
331.105927 328.797760
331.180511 328.479370
331.155670 328.222687
331.081085 328.051788
331.068634 328.002991
331.479279 328.173828
333.295532 328.516083
333.951782 328.846802
333.207397 329.067657
332.503937 329.104492
331.716156 328.797760
330.820312 328.442688
330.337067 328.381561
330.436066 328.393799
330.547546 327.941986
330.522766 327.454987
330.696259 327.844482
330.894775 328.797760
330.869934 328.957184
330.708649 328.100586
330.646667 327.199890
330.683868 326.775574
330.634277 326.533661
330.659088 325.761780
330.832703 324.121704
330.919586 322.074127
330.770691 319.970978
330.584717 317.711914
330.559906 315.078766
330.609497 312.621826
330.584717 312.267639
330.436066 317.654694
330.287598 339.544189
330.250488 0.000000
330.312347 0.000000
330.386597 354.245331
330.423706 338.216125
330.411316 331.441895
330.361816 328.381561
330.337067 327.382050
330.423706 327.394226
330.522766 327.613098
330.485596 327.515808
330.374207 327.102814
330.324707 326.497406
330.374207 325.894196
330.448456 325.461243
330.485596 325.281219
330.559906 325.305206
330.770691 325.425232
330.944427 325.557343
330.882355 325.569366
330.708649 325.377197
330.721069 325.029510
330.944427 324.670532
331.105927 324.503326
331.081085 324.551056
331.056213 324.658600
331.192963 324.766205
331.367157 324.897766
331.367157 325.077393
331.217834 325.245239
331.155670 325.281219
331.292480 325.209259
331.429443 325.185242
331.479279 325.269196
331.504181 325.389221
331.566467 325.509308
331.578949 325.617462
331.504181 325.713654
331.379608 325.773804
331.317383 325.846039
331.367157 325.870087
331.454346 325.858032
331.504181 325.966461
331.529083 326.219635
331.541565 326.364471
331.516663 326.171356
331.491699 325.809906
331.479279 325.521301
331.491699 325.365234
331.466797 325.293213
331.441895 325.293213
331.479279 325.293213
331.529083 325.257202
331.554047 325.197266
331.504181 325.245239
331.404541 325.425232
331.354736 325.761780
331.379608 326.255829
331.392090 326.945190
331.367157 327.686127
331.342285 328.344879
331.367157 328.834534
331.379608 329.153625
331.342285 329.276520
331.255157 329.264191
331.180511 329.227325
331.192963 329.190460
331.230286 329.079926
331.205414 328.871307
331.118378 328.687500
331.056213 328.528320
331.105927 328.357117
331.180511 328.161652
331.168121 327.917603
331.093536 327.588776
331.068634 327.199890
331.155670 326.787720
331.143219 326.521545
325.978485 326.618256
295.794495 327.066437
293.745422 327.613098
293.422943 328.088409
294.127472 328.467163
294.795959 328.760986
294.638367 328.981720
294.127472 329.030823
294.205933 328.699738
294.766388 328.002991
295.081970 327.212036
294.835358 326.352386
294.471161 325.281219
294.589172 323.990723
295.101715 322.710480
295.378418 321.557465
295.210388 320.517487
294.894531 319.172028
294.825500 317.106506
295.002991 314.292847
295.032593 310.990448
294.766388 307.574280
294.451477 304.421356
294.461334 300.818542
294.736847 295.655670
294.894531 289.759857
294.707306 284.727386
294.412201 280.775482
294.323761 277.471924
294.431824 274.364624
294.480988 271.677185
294.382721 270.992706
294.274658 272.390381
294.353241 274.484192
294.569519 276.844849
294.726990 279.680389
294.677765 282.819214
294.539978 285.797607
294.510468 288.470978
294.599030 290.619141
294.667908 292.130371
294.608856 293.188843
294.520325 294.000000
294.500671 294.776245
294.589172 295.665588
294.736847 296.580261
294.864929 297.169830
294.904388 297.360199
294.874817 297.169830
294.864929 296.699982
294.904388 296.152039
294.973389 295.774628
295.002991 295.596222
294.983276 295.467468
295.012878 295.299316
295.111603 295.121490
295.210388 294.993164
295.180725 294.845245
295.052368 294.510468
294.963562 293.960785
294.983276 293.462006
295.091858 293.208344
295.151093 293.071930
295.170837 292.838409
295.230133 292.498505
295.319092 292.130371
295.328979 291.685944
295.200470 291.175598
294.993164 290.753235
294.825500 290.475586
294.805817 290.293915
294.864929 290.207977
294.894531 290.207977
294.864929 290.265259
294.835358 290.456421
294.864929 290.829956
294.884644 291.262115
294.805817 291.628082
294.648224 292.014282
294.520325 292.498505
294.500671 293.013519
294.559662 293.501038
294.599030 293.902039
294.628571 294.245209
294.687622 294.510468
294.756531 294.795959
294.776245 295.200470
294.707306 295.675507
294.589172 295.943359
294.539978 295.873871
294.569519 295.685394
294.608856 295.616058
294.599030 295.586334
294.589172 295.338898
294.618713 294.746704
294.677765 293.902039
294.707306 292.770355
294.658081 291.281372
294.599030 289.598114
294.628571 288.037628
294.736847 288.094086
294.855072 292.750916
294.904388 295.408112
294.372864 295.437775
292.799500 295.734985
292.207794 296.959686
292.459717 297.972961
293.149872 298.578217
293.853088 298.134125
294.147064 0.000000
294.166718 0.000000
294.255035 0.000000
294.382721 0.000000
294.441681 295.556580
294.510468 0.000000
294.608856 0.000000
294.717163 0.000000
294.835358 0.000000
294.933960 0.000000
294.993164 0.000000
295.012878 0.000000
295.022766 0.000000
294.953674 0.000000
294.825500 468.028656
294.697449 468.501038
294.599030 0.000000
294.539978 0.000000
294.559662 0.000000
294.628571 0.000000
294.638367 0.000000
294.559662 0.000000
294.451477 0.000000
294.382721 0.000000
294.353241 0.000000
294.333588 0.000000
294.323761 0.000000
294.343414 0.000000
294.421997 0.000000
294.539978 0.000000
294.638367 0.000000
294.658081 0.000000
294.579346 0.000000
294.530151 0.000000
294.549835 302.106506
294.589172 299.287384
294.599030 294.943817
294.569519 290.906677
294.539978 288.442657
294.579346 287.614960
294.736847 287.736938
294.904388 287.774475
294.943817 287.464966
294.884644 287.156128
294.845245 287.137390
294.904388 287.455597
295.002991 287.887207
295.032593 288.338959
295.012878 288.858337
295.042480 289.303650
295.151093 289.626648
295.230133 289.940826
295.170837 290.341705
295.032593 290.829956
294.973389 291.377594
295.032593 291.985291
295.131317 292.624664
295.170837 293.227814
295.190582 293.784546
295.269653 294.294281
295.348755 294.835358
295.319092 295.378418
295.151093 295.725067
294.943817 295.734985
294.825500 295.586334
294.835358 295.447693
294.894531 295.358643
294.904388 295.309204
294.864929 295.141205
294.855072 294.687622
294.894531 294.068634
294.894531 293.755219
294.786072 293.716064
294.618713 293.647644
294.520325 293.364380
294.530151 293.013519
294.589172 292.789825
294.618713 292.721771
294.658081 292.721771
294.726990 292.721771
294.786072 292.576141
294.776245 292.004639
294.687622 291.050690
294.579346 290.207977
294.559662 289.883636
294.608856 289.807465
294.628571 289.598114
294.608856 289.189819
294.608856 288.725922
294.658081 288.423828
294.707306 288.470978
294.707306 288.678680
294.648224 288.744843
294.618713 288.820496
294.677765 289.189819
294.795959 289.683716
295.259766 290.198395
295.398224 290.734100
286.456635 291.146759
273.242645 291.310242
268.943420 291.367981
266.304352 291.262115
264.048126 290.868317
263.024506 290.379944
263.448730 290.102966
263.992798 290.074341
263.763885 290.150665
263.142212 290.112518
262.844208 289.921753
262.961731 289.721771
263.110779 289.569580
263.118652 289.417542
262.993103 289.379578
262.844208 289.636169
262.750244 290.313019
262.758087 291.512421
262.875549 293.013519
262.938232 293.032990
262.891205 288.659821
262.828552 281.357666
262.805054 275.203613
262.812866 270.146118
262.805054 549.464233
262.750244 560.498230
262.671997 572.727295
262.625061 571.836060
262.648529 563.650330
262.671997 553.707092
262.625061 556.361572
262.578156 562.535889
262.570343 277.751556
262.585968 277.734039
262.570343 278.567383
262.554718 0.000000
262.523438 727.002991
262.492188 712.669739
262.460968 713.073059
262.453125 719.119446
262.492188 241.491653
262.570343 243.337204
262.625061 244.653397
262.640686 245.204330
262.625061 245.388535
262.656342 245.661926
262.711090 246.155563
262.726776 246.775406
262.718933 247.523376
262.765900 248.688889
262.812866 250.454330
262.836365 252.346085
262.883362 253.827545
262.938232 254.987000
262.922546 255.956360
262.891205 256.663971
262.930389 257.120361
262.985260 257.525787
262.969604 258.113617
262.914703 258.970001
262.899048 259.969940
262.883362 260.962189
262.914703 261.938690
263.016632 262.875549
263.055847 263.763885
262.899048 264.578857
262.703278 265.024048
262.679810 264.960327
262.734589 264.578857
262.664154 264.079773
262.476562 263.511688
262.351654 262.891205
262.421906 262.234650
262.554718 261.596863
262.570343 261.147644
262.468750 260.962189
262.375061 260.800140
262.421906 260.338257
262.625061 259.610291
262.820709 258.954773
262.899048 258.529724
262.953918 258.166504
263.071564 257.819336
263.134338 257.676239
263.126495 257.804291
263.197174 258.113617
263.346466 258.506989
263.401520 258.909180
263.354340 259.244019
263.338623 259.480438
263.354340 259.694366
263.322876 259.962280
263.228577 260.384369
263.173615 260.915863
263.157898 261.395294
263.118652 261.736603
263.048035 262.125519
262.993103 262.703278
262.938232 263.260010
262.875549 263.803314
262.875549 264.523285
262.914703 265.279114
262.883362 265.726685
262.805054 265.927002
262.781555 266.023224
262.805054 265.886902
262.805054 265.959045
262.789368 267.727051
262.844208 270.734863
262.922546 272.457672
262.953918 271.811157
262.946075 268.664886
262.961731 265.047943
262.993103 262.875549
262.985260 261.775452
262.953918 260.299835
262.946075 0.000000
262.985260 0.000000
263.008789 833.175903
263.008789 825.224548
262.977448 819.169678
262.961731 0.000000
262.953918 155.687347
262.946075 155.962646
262.930389 0.000000
262.906860 0.000000
262.875549 0.000000
262.852051 0.000000
262.812866 258.939575
262.758087 259.213531
262.703278 0.000000
262.656342 0.000000
262.625061 0.000000
262.609436 0.000000
262.593781 0.000000
262.562531 0.000000
262.531250 0.000000
262.500000 0.000000
262.492188 0.000000
262.515625 0.000000
262.531250 0.000000
262.507812 167.314804
262.468750 167.722061
262.445312 318.216248
262.484375 319.762177
262.546875 0.000000
262.562531 0.000000
262.523438 0.000000
262.476562 0.000000
262.460968 0.000000
262.460968 0.000000
262.445312 0.000000
262.414093 0.000000
262.406281 0.000000
262.414093 563.326355
262.414093 566.110413
262.414093 566.146790
262.406281 0.000000
262.343842 162.724609
262.219055 0.000000
262.125519 849.056641
262.211273 847.018188
262.226837 849.629150
261.860931 853.989136
0.000000 857.809753
0.000000 859.146729
0.000000 858.812073
0.000000 857.309509
0.000000 0.000000
0.000000 0.000000
0.000000 0.000000
0.000000 0.000000
0.000000 0.000000
0.000000 347.504028
0.000000 123.728699
0.000000 571.169556
0.000000 0.000000
0.000000 0.000000
0.000000 891.719788
0.000000 893.255005
0.000000 125.657143
0.000000 124.957489
0.000000 0.000000
0.000000 0.000000
0.000000 845.232422
0.000000 843.534851
0.000000 841.201721
0.000000 836.494751
0.000000 833.727173
0.000000 842.165588
0.000000 848.076904
0.000000 852.256287
0.000000 858.644836
0.000000 869.051147
0.000000 0.000000
0.000000 0.000000
0.000000 843.131653
0.000000 830.899658
0.000000 823.221985
0.000000 819.931213
0.000000 816.213257
0.000000 813.728210
0.000000 814.554871
0.000000 1621.621582
0.000000 823.914124
409.965607 833.097229
402.831696 840.000000
398.535980 847.913879
395.764160 860.152100
394.172333 874.652954
393.468933 890.549255
393.311035 906.940857
393.223358 898.075562
392.943085 0.000000
392.715607 0.000000
392.838043 0.000000
393.258423 0.000000
393.556732 821.076172
393.433868 823.837097
393.240906 0.000000
393.240906 0.000000
393.223358 0.000000
393.065643 0.000000
393.030609 0.000000
393.170776 0.000000
393.240906 0.000000
393.118195 0.000000
393.065643 0.000000
393.065643 0.000000
393.048126 0.000000
393.013092 0.000000
392.995605 0.000000
392.960571 0.000000
392.855560 0.000000
392.768097 0.000000
392.785553 349.888916
392.855560 351.969360
392.873047 353.833191
392.768097 356.363647
392.698120 359.589050
392.698120 363.351715
392.663177 367.301025
392.558319 370.946716
392.540833 374.252136
392.663177 377.342377
392.785553 380.205200
392.803070 382.928833
392.750610 385.911163
392.680634 389.111938
392.540833 392.104553
392.401123 394.948975
392.383667 397.709320
392.523376 399.963715
392.663177 401.383484
392.663177 401.987152
392.540833 402.005493
392.436035 401.657654
392.401123 401.109650
392.436035 400.508575
392.488434 400.199646
392.558319 400.472198
392.558319 401.109650
392.523376 401.712524
392.470978 402.005493
392.453491 401.932190
392.418579 401.456543
392.383667 400.635956
392.436035 399.800537
392.523376 399.095032
392.593231 398.626068
392.610748 398.499969
392.628204 398.698120
392.593231 398.896484
392.488434 398.842377
392.470978 398.590027
392.540833 398.355988
392.575775 398.355988
392.540833 398.590027
392.505920 398.806274
392.488434 398.842377
392.436035 398.698120
392.418579 398.427979
392.470978 397.816986
392.575775 396.850403
392.645660 396.886108
392.645660 397.601776
392.575775 398.068359
392.505920 398.445984
392.453491 398.716156
392.453491 398.914520
392.523376 399.185333
392.663177 399.402252
392.768097 399.709961
392.768097 400.145172
392.680634 400.363129
392.540833 399.782440
392.383667 398.158173
392.331299 396.386688
392.470978 196.896973
392.698120 901.748291
392.855560 942.509094
392.925568 948.795166
392.925568 944.325439
392.873047 944.123352
392.873047 144.188324
392.995605 125.589149
393.170776 126.524178
393.293518 128.687729
393.679718 129.983047
398.176178 996.835510
398.716156 987.239807
396.618378 952.278198
394.842865 929.987366
393.802734 931.558960
393.416290 960.470520
393.328552 230.823593
393.100677 227.965881
392.768097 910.216675
392.715607 895.522400
393.100677 903.688538
393.539185 905.916199
393.591858 890.909119
393.363647 866.915710
393.275940 846.936829
393.293518 825.610779
393.170776 821.382019
393.048126 915.507629
393.153259 970.083618
393.293518 989.343811
393.223358 1003.298889
393.118195 1021.897827
393.135712 1052.003906
393.153259 1082.739990
393.100677 1092.395386
393.065643 1088.217163
393.030609 1076.134766
392.960571 1058.061401
392.855560 1020.006897
392.820557 987.129272
392.873047 968.060608
392.943085 953.204407
392.873047 937.699341
392.768097 921.630127
392.733093 910.686646
392.733093 948.591125
392.645660 996.272461
392.558319 0.000000
392.628204 145.338303
392.785553 517.879150
392.855560 515.186951
392.803070 513.477295
392.750610 511.987000
392.645660 511.096985
392.470978 0.000000
392.401123 511.245056
392.488434 510.209991
392.663177 511.067322
392.715607 0.000000
392.628204 0.000000
392.505920 0.000000
392.418579 0.000000
392.436035 502.821960
392.488434 425.675690
392.558319 423.102783
392.593231 420.260162
392.558319 419.082031
392.505920 419.780121
392.488434 422.737732
392.453491 427.429108
392.401123 431.274780
392.418579 432.862213
392.505920 432.819702
392.575775 432.119934
392.628204 431.211517
392.645660 430.222931
392.628204 429.071808
392.540833 427.346283
392.488434 425.101227
392.523376 422.818787
392.593231 421.243652
392.575775 420.901917
392.540833 421.949005
392.505920 423.244873
392.488434 422.757996
392.436035 418.962555
392.453491 409.318726
392.558319 396.796844
392.663177 386.435333
392.680634 376.328033
392.628204 366.142212
392.558319 364.221985
392.488434 370.292633
392.470978 385.759277
392.505920 408.958130
392.628204 417.752075
392.768097 210.466034
392.803070 421.183319
392.750610 419.161682
392.628204 416.410950
392.470978 414.084503
392.348755 414.746552
392.418579 416.587952
392.628204 417.870850
392.838043 418.525177
392.925568 418.962555
392.943085 419.082031
392.908051 418.525177
392.873047 417.811462
392.943085 208.782104
393.118195 207.671127
393.275940 413.211517
393.240906 410.538086
390.836182 410.576324
359.339996 412.284393
352.771759 414.026184
351.969360 0.000000
351.142609 0.000000
350.138947 0.000000
349.722443 0.000000
349.958344 414.824585
350.083344 412.670197
350.069458 405.591858
350.333649 0.000000
350.514648 0.000000
350.347565 0.000000
350.250183 0.000000
350.347565 0.000000
350.264099 0.000000
350.069458 0.000000
350.250183 0.000000
350.570374 252.021606
350.486786 252.830719
350.166748 0.000000
350.083344 373.175354
350.194550 363.067566
350.125031 358.580322
349.930573 356.320435
349.861145 354.872467
349.888916 353.889984
349.847290 353.153168
349.833405 352.461639
349.958344 351.604523
350.013916 350.584290
349.875061 349.722443
349.833405 349.306946
350.041656 349.237762
350.152832 349.293091
349.986115 349.223938
349.819519 348.768250
349.888916 347.805511
349.986115 346.507446
349.972229 345.191986
350.041656 343.940094
350.305817 342.870483
350.514648 342.019531
350.431091 341.463440
350.250183 341.304840
350.291931 341.569214
350.514648 342.165497
350.626099 342.790527
350.612183 343.230713
350.667938 343.551575
350.835327 343.899872
350.947021 344.342957
350.863220 344.868042
350.751617 345.557129
350.793457 346.548279
350.947021 347.736938
351.030823 348.630371
351.086700 349.016663
351.142609 349.030487
351.170563 348.809631
351.100677 348.354980
350.974915 347.682129
350.905121 346.943604
350.960968 346.412170
351.044769 346.004456
351.100677 345.557129
351.128632 345.056915
351.128632 344.679352
351.100677 344.437073
351.086700 344.262268
351.086700 344.114563
351.072723 343.886444
351.058746 343.538208
351.072723 343.110565
351.128632 342.777191
351.156586 342.670685
351.128632 342.870483
351.030823 343.377747
350.960968 344.154846
350.988892 345.043427
351.002869 345.828125
350.974915 346.575500
350.960968 347.285126
350.974915 347.778076
350.974915 347.983917
350.919067 347.983917
350.821350 347.654724
350.779510 346.752625
350.821350 345.151459
350.821350 342.763855
350.737671 339.531128
350.667938 336.281830
350.681885 337.956909
350.765564 347.189423
350.765564 350.556458
350.695831 349.888916
350.667938 348.837219
350.723724 347.353485
350.709747 345.828125
350.612183 345.218994
350.528595 346.493805
350.556458 171.501892
350.570374 116.017525
350.709747 116.219322
351.941254 116.731514
352.842346 0.000000
353.040070 348.892395
352.546173 0.000000
351.338440 0.000000
350.083344 0.000000
349.722443 0.000000
349.944458 0.000000
349.972229 0.000000
349.944458 0.000000
350.125031 0.000000
350.236267 0.000000
350.138947 0.000000
350.041656 0.000000
350.041656 0.000000
350.013916 396.796844
350.013916 386.046295
350.180664 376.842560
350.291931 367.041199
350.152832 361.786804
350.000000 359.706360
349.972229 359.149780
350.013916 359.003601
349.958344 358.784515
349.791809 358.347198
349.680847 357.765778
349.694702 357.186249
349.777924 356.623016
349.847290 356.018433
349.875061 355.487488
349.833405 355.143951
349.819519 354.915314
349.902802 354.644165
350.000000 354.259552
349.972229 353.776428
349.875061 353.082458
349.847290 352.081757
349.916687 350.835327
349.986115 349.680847
350.027771 348.837219
350.166748 348.176239
350.389313 347.517731
350.472870 346.834442
350.333649 346.262573
350.250183 345.787445
350.417175 345.259552
350.626099 344.638947
350.653992 344.020599
350.626099 343.538208
350.751617 343.377747
350.933044 343.765839
350.933044 344.558167
350.793457 345.246002
350.765564 345.489441
350.905121 345.448853
351.044769 345.367676
351.086700 345.313599
351.128632 345.246002
351.184570 345.205475
351.156586 345.313599
351.030823 345.475922
350.933044 345.462372
350.947021 345.232513
351.030823 345.070435
351.114655 345.097412
351.142609 345.232513
351.156586 345.381226
351.128632 345.502991
351.100677 345.557129
351.100677 345.557129
351.100677 345.584198
351.072723 345.543579
351.072723 345.137939
351.114655 344.504364
351.170563 344.020599
351.156586 343.792664
351.072723 343.645294
350.988892 343.484711
350.988892 343.417847
351.002869 343.244110
350.988892 342.617432
350.960968 341.582458
350.974915 340.501099
350.988892 339.531128
350.960968 338.761719
350.863220 338.293945
350.793457 338.280975
350.807404 338.592651
350.849274 338.957001
350.793457 339.113403
350.695831 338.397797
350.681885 336.628357
350.751617 335.884857
350.793457 335.833679
350.737671 335.488800
350.681885 334.940979
350.709747 336.898407
350.737671 338.060577
350.653992 337.775757
350.556458 336.602692
350.556458 336.153656
350.584290 336.294678
350.486786 336.063995
349.237762 335.552582
343.043854 334.648651
336.769775 332.566650
334.890076 329.547180
333.800079 327.467133
332.441284 326.969421
331.180511 327.345612
330.671448 328.100586
330.795471 328.834534
331.006531 329.424072
331.292480 330.139252
331.653748 331.031372
331.716156 331.728607
331.379608 331.716156
330.969269 331.093536
330.708649 330.250488
330.522766 329.547180
330.559906 329.178162
330.907166 328.883606
331.205414 328.626282
331.180511 328.503876
330.944427 328.491608
330.770691 328.442688
330.683868 328.259338
330.547546 327.917603
330.337067 327.564423
330.250488 327.345612
330.324707 327.199890
330.423706 327.017914
330.522766 326.811920
330.597076 326.666656
330.584717 326.509460
330.436066 326.183441
330.262878 325.689606
330.262878 325.017517
330.473236 324.193207
330.559906 323.491669
330.460846 323.100586
330.386597 323.065063
330.436066 323.396759
330.485596 323.978851
330.473236 324.766205
330.448456 325.797882
330.584717 326.908844
330.845123 327.722656
330.907166 328.198273
330.733459 328.614014
330.671448 329.153625
330.857544 329.818298
331.056213 330.337067
331.056213 330.522766
330.981659 330.448456
331.068634 330.225769
331.267609 329.916962
331.354736 329.547180
331.230286 329.153625
331.118378 328.760986
331.192963 328.406006
331.354736 328.002991
331.429443 327.479309
331.454346 326.799835
331.504181 326.111084
331.554047 325.437256
331.504181 324.706390
331.392090 323.859894
331.292480 323.112427
331.292480 322.568848
331.392090 322.368408
331.466797 322.710480
331.491699 323.384918
331.516663 324.598846
331.504181 326.908844
331.466797 328.454926
331.454346 328.785492
331.466797 328.418243
331.454346 327.771393
331.416962 329.682648
331.429443 333.282959
331.491699 336.435760
331.529083 2671.917725
331.516663 2643.092773
331.416962 2628.128906
331.342285 2638.349121
331.342285 2655.826660
331.379608 2672.727295
331.354736 2680.851318
331.329803 2657.427002
331.329803 2630.480225
331.354736 0.000000
331.342285 0.000000
331.267609 0.000000
331.180511 0.000000
331.155670 0.000000
331.205414 2491.525635
331.205414 2523.605469
331.130829 2562.463867
331.043823 2594.881104
331.056213 2603.305908
331.130829 2592.592529
331.168121 2582.723389
331.105927 2561.719482
331.043823 2523.605469
331.081085 2524.327637
331.031372 2588.028320
331.105927 2653.429688
331.791016 2670.299805
332.529053 2643.885254
332.541565 2607.153564
331.554047 2588.028320
330.238159 2570.679199
329.818298 2559.489258
330.163971 2572.928955
330.262878 2584.994141
330.188690 2579.701660
330.361816 2595.644775
330.535156 2651.037354
330.498016 0.000000
330.361816 354.815338
330.349457 345.164948
330.361816 340.448517
330.275238 338.501678
330.361816 337.336517
330.634277 336.525635
330.708649 335.744171
330.522766 334.877350
330.361816 333.875885
330.386597 332.679535
330.473236 331.180511
330.423706 329.645691
330.238159 328.088409
330.102173 326.654572
330.126862 325.569366
330.238159 324.742249
330.312347 323.812317
330.337067 322.639648
330.324707 321.288086
330.299957 320.052277
330.337067 319.137390
330.448456 318.515045
330.510406 317.918030
330.423706 317.311859
330.337067 316.946960
330.337067 316.867249
330.398926 316.958374
330.448456 317.140717
330.498016 317.391785
330.609497 317.643280
330.845123 317.906586
330.969269 318.216248
330.845123 318.607117
330.683868 319.195129
330.770691 320.110321
331.018951 321.252960
331.118378 322.498077
331.068634 323.717255
331.093536 324.778137
331.267609 325.413208
331.404541 325.665558
331.342285 325.689606
331.180511 325.653534
331.192963 325.581390
331.342285 325.545349
331.454346 325.689606
331.491699 326.111084
331.529083 326.727142
331.578949 327.248444
331.566467 327.406372
331.466797 327.102814
331.354736 326.424866
331.317383 325.617462
331.392090 324.969604
331.479279 324.718353
331.516663 324.861877
331.541565 325.305206
331.541565 326.002594
331.504181 326.763519
331.479279 327.321320
331.491699 327.552277
331.479279 327.710510
331.454346 328.002991
331.454346 328.222687
331.491699 328.076172
331.541565 327.552277
331.554047 326.775574
331.479279 325.797882
331.379608 324.515228
331.354736 322.911346
331.392090 321.171082
331.392090 319.785370
331.354736 319.287598
331.342285 319.704224
331.367157 320.529114
331.367157 321.147705
331.317383 321.182800
331.230286 320.692291
331.180511 319.495758
331.205414 317.563202
331.230286 315.202637
331.180511 312.888031
331.093536 312.024597
331.068634 314.752686
331.130829 328.161652
331.192963 337.672272
331.155670 338.904907
331.081085 1442.826782
331.081085 1425.569824
331.056213 1399.111694
330.163971 0.000000
296.022797 1196.094360
293.931396 185.453857
294.009796 186.714081
294.421997 1444.480957
294.608856 169.036774
294.382721 169.765564
294.235382 214.629868
294.667908 214.812836
295.081970 360.706696
294.874817 266.586060
294.343414 266.586060
294.323761 266.682770
294.855072 266.215942
295.289429 266.296326
295.220245 268.656738
294.884644 274.066254
294.835358 278.637756
295.170837 280.204590
295.368561 280.115601
295.101715 279.822327
294.658081 279.955566
294.490814 280.213501
294.658081 280.462982
294.835358 280.909607
294.795959 281.609192
294.599030 282.393646
294.480988 283.209717
294.539978 283.875122
294.579346 284.305176
294.461334 284.617126
294.294281 285.003387
294.284485 285.436890
294.412201 285.742035
294.539978 285.825409
294.569519 285.668030
294.559662 285.298401
294.599030 284.736572
294.658081 284.122040
294.638367 283.601288
294.569519 283.355286
294.520325 283.482788
294.549835 283.920807
294.608856 284.552856
294.608856 285.252258
294.579346 286.057159
294.658081 287.043976
294.845245 287.953003
294.963562 288.574799
294.933960 288.924561
294.845245 289.256195
294.845245 289.569580
294.943817 289.607635
295.022766 289.351074
295.012878 289.142395
295.002991 289.218262
295.091858 289.598114
295.190582 290.083893
295.160950 290.504272
295.042480 290.782013
294.943817 290.858734
294.983276 290.734100
295.081970 290.542542
295.141205 290.389465
295.151093 290.284363
295.220245 290.284363
295.309204 290.332123
295.309204 290.427734
295.160950 290.724487
294.953674 291.137146
294.795959 291.310242
294.786072 291.165985
294.855072 290.897095
294.874817 290.542542
294.845245 290.217499
294.815643 290.131592
294.855072 290.217499
294.874817 290.179291
294.786072 289.969421
294.618713 289.750336
294.500671 289.693237
294.490814 289.912231
294.549835 290.284363
294.589172 290.542542
294.618713 290.810760
294.677765 291.348724
294.746704 292.052979
294.756531 292.682922
294.677765 293.237579
294.569519 293.764984
294.520325 294.264832
294.559662 294.805817
294.599030 295.635864
294.579346 296.779846
294.569519 297.832123
294.608856 298.618652
294.667908 299.378845
294.687622 300.245087
294.628571 301.054718
294.579346 301.786072
294.618713 302.572906
294.726990 302.905426
294.855072 301.188354
294.884644 294.884644
294.845245 289.170837
294.795959 285.732819
294.795959 284.085419
294.815643 289.769348
294.855072 290.169769
294.904388 0.000000
294.953674 0.000000
295.002991 0.000000
295.072083 0.000000
295.111603 0.000000
295.101715 0.000000
295.032593 0.000000
294.963562 0.000000
294.953674 0.000000
295.002991 0.000000
295.032593 0.000000
295.002991 0.000000
294.983276 0.000000
294.983276 0.000000
295.022766 0.000000
295.091858 0.000000
295.131317 0.000000
295.141205 0.000000
295.131317 0.000000
295.141205 0.000000
295.190582 2500.000000
295.230133 2454.773438
295.240021 0.000000
295.259766 0.000000
295.259766 0.000000
295.249878 0.000000
295.230133 0.000000
295.220245 2635.195801
295.230133 2639.928223
295.259766 0.000000
295.289429 0.000000
295.289429 0.000000
295.249878 0.000000
295.240021 0.000000
295.259766 0.000000
295.299316 0.000000
295.309204 0.000000
295.279541 0.000000
295.249878 0.000000
295.269653 0.000000
295.328979 0.000000
295.358643 0.000000
295.299316 0.000000
295.180725 0.000000
295.111603 0.000000
295.160950 0.000000
295.259766 0.000000
295.309204 0.000000
295.338898 0.000000
295.358643 0.000000
295.437775 777.366455
295.596222 775.589172
295.804382 777.229492
298.265198 0.000000
298.497345 0.000000
0.000000 0.000000
0.000000 0.000000
0.000000 0.000000
0.000000 0.000000
0.000000 0.000000
0.000000 0.000000
0.000000 0.000000
0.000000 0.000000
0.000000 0.000000
0.000000 0.000000
0.000000 0.000000
0.000000 0.000000
0.000000 0.000000
0.000000 0.000000
0.000000 0.000000
0.000000 0.000000
0.000000 0.000000
0.000000 0.000000
0.000000 0.000000
0.000000 0.000000
0.000000 0.000000
0.000000 0.000000
0.000000 0.000000
0.000000 0.000000
0.000000 0.000000
0.000000 0.000000
0.000000 0.000000
0.000000 0.000000
0.000000 0.000000
0.000000 0.000000
0.000000 0.000000
0.000000 0.000000
0.000000 689.978882
0.000000 677.055298
0.000000 669.958252
0.000000 667.070007
0.000000 0.000000
0.000000 0.000000
0.000000 0.000000
0.000000 0.000000
0.000000 0.000000
0.000000 0.000000
410.538086 0.000000
403.089447 0.000000
398.698120 0.000000
395.888519 0.000000
394.225189 0.000000
393.504059 0.000000
393.328552 0.000000
393.240906 0.000000
392.960571 0.000000
392.733093 0.000000
392.838043 0.000000
393.240906 0.000000
393.556732 0.000000
393.451416 0.000000
393.258423 0.000000
393.258423 0.000000
393.240906 0.000000
393.083160 0.000000
393.030609 0.000000
393.170776 0.000000
393.240906 416.627319
393.135712 402.574280
393.065643 399.782440
393.083160 399.203400
393.048126 399.601288
393.013092 400.982025
393.013092 403.052582
392.978088 404.809967
392.873047 405.647797
392.785553 405.703796
392.785553 405.349518
392.873047 404.698547
392.890533 403.735260
392.785553 402.280487
392.715607 400.036285
392.698120 396.975433
392.680634 393.714844
392.575775 392.348755
392.540833 396.173004
392.663177 403.439758
392.785553 408.390045
392.820557 410.786652
392.768097 411.860870
392.698120 412.592957
392.558319 413.754272
392.401123 415.959259
392.383667 855.397156
392.523376 856.144470
392.663177 847.913879
392.663177 842.085205
392.558319 847.587952
392.436035 856.809814
392.401123 318.607117
392.436035 318.975800
392.488434 318.285187
392.558319 902.578796
392.575775 896.432556
392.523376 886.610413
392.488434 431.950623
392.470978 217.509247
392.418579 216.033508
392.401123 214.395111
392.436035 212.632599
392.523376 210.964417
392.593231 416.076996
392.628204 414.240082
392.645660 414.298462
392.593231 414.766052
392.505920 414.824585
392.488434 413.851349
392.540833 412.111023
392.575775 410.251617
392.558319 408.541382
392.505920 407.089447
392.488434 405.759766
392.453491 404.809967
392.418579 404.253387
392.470978 404.086670
392.575775 404.123718
392.663177 404.123718
392.645660 403.809174
392.593231 403.495148
392.505920 404.142212
392.470978 405.442688
392.453491 406.432892
392.523376 407.522064
392.663177 409.451721
392.768097 412.284393
392.785553 415.547699
392.698120 418.287018
392.558319 419.720184
392.401123 421.364441
392.331299 424.160797
392.470978 425.819519
392.698120 425.060242
392.855560 426.416565
392.925568 436.849945
392.925568 438.915161
392.873047 442.704407
392.873047 460.598450
392.995605 469.148926
393.170776 0.000000
393.293518 152.452728
394.225189 0.000000
400.508575 0.000000
399.854919 0.000000
396.493591 0.000000
394.278046 0.000000
393.293518 0.000000
393.135712 0.000000
393.205841 0.000000
393.048126 0.000000
392.750610 0.000000
392.680634 0.000000
393.030609 0.000000
393.468933 0.000000
393.504059 0.000000
393.293518 0.000000
393.223358 0.000000
393.240906 726.883179
393.100677 0.000000
392.978088 0.000000
393.083160 0.000000
393.223358 0.000000
393.170776 0.000000
393.065643 0.000000
393.048126 189.579575
393.048126 189.897949
392.995605 488.886414
392.960571 486.566986
392.925568 242.420914
392.855560 242.955124
392.768097 954.752136
392.750610 954.029236
392.803070 946.351990
392.855560 918.080566
392.785553 885.631104
392.698120 878.136169
392.680634 881.294922
392.680634 876.652405
392.593231 858.812073
392.523376 841.683350
392.593231 829.337097
392.733093 824.376099
392.803070 546.603882
392.768097 232.766800
392.698120 232.815964
392.610748 232.190811
392.436035 230.431595
392.366211 453.703705
392.453491 449.380951
392.610748 444.623688
392.663177 440.515442
392.593231 437.326477
392.470978 434.696899
392.401123 432.310547
392.418579 429.845490
392.470978 427.056610
392.540833 424.303650
392.575775 422.211609
392.540833 421.243652
392.488434 421.827942
392.470978 424.507874
392.436035 428.738098
392.401123 431.971802
392.418579 433.287476
392.505920 433.415222
392.575775 432.692322
392.610748 430.979736
392.645660 428.321686
392.628204 425.285706
392.540833 422.494751
392.470978 420.661041
392.523376 421.143127
392.575775 424.732727
392.575775 428.425720
392.523376 429.992218
392.505920 430.600983
392.470978 431.169342
392.436035 432.098785
392.453491 433.948334
392.558319 436.288086
392.645660 438.326202
392.663177 440.009979
392.610748 439.856354
392.540833 215.211197
392.488434 214.886093
392.453491 881.294922
392.505920 423.692169
392.628204 0.000000
392.750610 0.000000
392.803070 0.000000
392.733093 0.000000
392.628204 0.000000
392.453491 0.000000
392.331299 0.000000
392.418579 0.000000
392.628204 0.000000
392.820557 0.000000
392.925568 0.000000
392.943085 0.000000
392.890533 0.000000
392.873047 0.000000
392.943085 0.000000
393.118195 0.000000
393.258423 0.000000
393.416290 0.000000
391.947754 0.000000
367.515320 0.000000
357.896454 0.000000
355.101044 0.000000
353.124878 0.000000
351.366425 0.000000
350.361511 0.000000
350.208466 0.000000
350.138947 0.000000
349.930573 0.000000
350.194550 0.000000
350.653992 389.266479
350.681885 385.624329
350.361511 379.159149
350.291931 0.000000
350.361511 911.816406
350.236267 913.610901
350.194550 277.088379
350.458923 276.428375
350.556458 861.917297
350.291931 840.480286
350.083344 839.360474
350.194550 845.475464
350.264099 846.449158
350.013916 375.943054
349.722443 368.021362
349.791809 365.656494
349.986115 366.248657
350.000000 367.423462
349.930573 368.344116
349.972229 368.975922
350.000000 369.439545
349.944458 369.919891
349.958344 370.712860
350.069458 371.665771
350.041656 372.010620
349.888916 371.603119
349.875061 370.853119
350.000000 370.044037
350.041656 369.253967
350.069458 368.605804
350.264099 368.313354
350.500702 368.405670
350.458923 368.790771
350.236267 369.300323
350.291931 369.718323
350.556458 369.733795
350.667938 369.253967
350.598267 368.390289
350.640076 367.484711
350.863220 366.995392
350.960968 367.041199
350.835327 367.408142
350.723724 367.837189
350.807404 368.359497
350.960968 369.192139
351.030823 370.013000
351.072723 369.795837
351.128632 367.975311
351.156586 365.368683
351.072723 363.306824
350.947021 361.979797
350.891144 360.898560
350.960968 359.941254
351.044769 359.105896
351.100677 358.201691
351.128632 357.027222
351.114655 355.731232
351.086700 354.629913
351.072723 353.620392
351.072723 352.602539
351.058746 352.011505
351.044769 351.814911
351.058746 351.562500
351.128632 351.128632
351.156586 350.626099
351.100677 350.152832
351.002869 349.680847
350.960968 349.182465
350.974915 348.809631
350.988892 348.754456
350.960968 349.030487
350.947021 349.556122
350.974915 350.138947
350.960968 350.542511
350.891144 350.653992
350.793457 350.528595
350.779510 350.305817
350.821350 349.875061
350.807404 348.782013
350.723724 347.066467
350.653992 345.543579
350.681885 344.356384
350.765564 343.217346
350.751617 342.404602
350.667938 342.378021
350.667938 342.803833
350.723724 343.350983
350.695831 343.940094
350.584290 344.692810
350.514648 345.543579
350.556458 346.153839
350.556458 346.330536
350.403259 346.439392
350.626099 346.970886
351.618561 347.860382
352.391235 349.251617
352.320862 351.520447
351.338440 354.003632
350.208466 356.234100
349.875061 358.755341
350.083344 361.534698
350.097260 364.026581
350.111145 365.990295
350.319733 367.484711
350.403259 369.053101
350.305817 370.619385
350.222382 371.618774
350.208466 371.900818
350.152832 371.869476
350.166748 371.556152
350.375397 370.946716
350.486786 370.354828
350.319733 369.904388
350.138947 369.130310
350.125031 367.975311
350.152832 367.285736
350.055573 367.148163
349.847290 366.873260
349.736298 365.701965
349.777924 363.756348
349.875061 361.757111
349.916687 360.058807
349.930573 358.726166
349.888916 357.707764
349.888916 356.983856
349.972229 356.493256
350.041656 356.219727
350.000000 356.219727
349.902802 356.392456
349.875061 356.464478
349.944458 356.320435
350.013916 356.248474
350.083344 356.320435
350.236267 356.219727
350.472870 355.659515
350.556458 354.786804
350.417175 354.159973
350.333649 353.904175
350.514648 353.521179
350.709747 352.377136
350.723724 350.570374
350.709747 349.265442
350.835327 348.782013
351.002869 348.410034
350.988892 347.039154
350.849274 343.297516
350.835327 340.317139
350.960968 338.397797
351.086700 337.336517
351.128632 337.465576
351.170563 338.891876
351.212524 340.330292
351.184570 341.159637
351.058746 342.817169
350.960968 344.746735
350.974915 346.045197
351.058746 347.093781
351.128632 348.121246
351.156586 349.777924
351.170563 352.152039
351.156586 354.715485
351.128632 357.085022
351.114655 358.799133
351.114655 360.029388
351.086700 360.913330
351.086700 361.253326
351.128632 361.120209
351.184570 360.928101
351.170563 360.987183
351.086700 361.668121
351.002869 363.516449
351.002869 366.127045
351.030823 368.282593
351.002869 369.485992
350.988892 369.873352
350.988892 370.028534
351.002869 371.305908
350.960968 374.904358
350.877197 376.858673
350.807404 375.991119
350.835327 372.655060
350.863220 368.790771
350.807404 0.000000
350.709747 0.000000
350.695831 0.000000
350.765564 0.000000
350.807404 0.000000
350.751617 369.919891
350.695831 369.284882
350.737671 372.419037
350.751617 373.586365
350.667938 371.446625
350.570374 367.806488
350.570374 361.742279
350.598267 347.764374
350.584290 333.825378
349.972229 208.269379
344.773682 442.837769
338.983063 431.527954
336.474274 429.992218
334.686768 431.591309
332.729767 0.000000
331.192963 0.000000
330.745850 0.000000
330.683868 480.182953
330.460846 478.619507
330.621887 480.339844
331.130829 122.399696
331.379608 512.910034
331.317383 545.319702
331.168121 556.958801
331.031372 564.552307
330.795471 286.577637
330.572327 292.469391
330.621887 303.666718
330.857544 311.111115
330.944427 313.700378
330.832703 314.741455
330.783112 315.913879
330.832703 317.506012
330.770691 319.391632
330.510406 321.463715
330.188690 323.800446
330.052765 326.739258
330.213409 330.126862
330.448456 333.157074
330.535156 336.038391
330.522766 338.657654
330.485596 340.067871
330.423706 340.356598
330.398926 340.290894
330.386597 340.120300
330.349457 339.818939
330.349457 339.609589
330.361816 339.727295
330.411316 340.212158
330.498016 340.751038
330.559906 340.988159
330.597076 340.922272
330.708649 340.751038
330.869934 340.382843
330.869934 339.766571
330.721069 338.983063
330.696259 338.151306
330.907166 337.310669
331.118378 336.551300
331.130829 335.936035
331.068634 335.348450
331.155670 334.648651
331.329803 333.800079
331.379608 332.930664
331.242737 332.115814
331.155670 331.404541
331.255157 330.745850
331.416962 330.065125
331.479279 329.387177
331.504181 328.944916
331.554047 329.129028
331.591431 330.028076
331.529083 331.267609
331.404541 332.516479
331.329803 333.610718
331.342285 334.432922
331.441895 334.915497
331.504181 335.080933
331.529083 334.890076
331.541565 334.597870
331.529083 334.521729
331.491699 334.597870
331.479279 334.585205
331.491699 334.382233
331.466797 334.116211
331.441895 333.762177
331.466797 333.257751
331.516663 332.604279
331.554047 331.903381
331.529083 331.192963
331.429443 330.597076
331.367157 330.163971
331.379608 329.781250
331.392090 329.424072
331.379608 329.202759
331.342285 329.202759
331.354736 329.276520
331.379608 329.387177
331.354736 329.658020
331.267609 330.089813
331.192963 330.535156
331.180511 330.944427
331.230286 331.230286
331.217834 331.267609
331.143219 331.093536
331.068634 330.820312
331.093536 330.398926
331.168121 329.805939
331.180511 329.092194
331.105927 328.198273
331.068634 327.078552
331.118378 325.761780
331.118378 324.383972
330.845123 323.005920
331.081085 321.580933
331.703644 320.005798
331.815948 318.170349
331.155670 316.299072
330.299957 316.696594
330.040436 331.516663
330.238159 342.937134
330.275238 341.953247
330.262878 340.067871
330.448456 338.358826
330.572327 336.885529
330.485596 335.756958
330.349457 334.966400
330.324707 334.268188
330.324707 333.610718
330.262878 332.867859
330.349457 332.028320
330.559906 331.155670
330.584717 330.436066
330.398926 329.781250
330.262878 329.055359
330.287598 328.308228
330.337067 327.673950
330.275238 327.296997
330.126862 327.187744
330.028076 327.272736
330.052765 327.442841
330.151611 327.540100
330.225769 327.479309
330.250488 327.309174
330.225769 327.175629
330.201050 327.175629
330.250488 327.309174
330.374207 327.369934
330.423706 327.212036
330.374207 326.969421
330.287598 326.787720
330.299957 326.690857
330.374207 326.751404
330.436066 326.872498
330.473236 326.920929
330.597076 326.836151
330.820312 326.666656
330.944427 326.497406
330.820312 326.400696
330.671448 326.388611
330.770691 326.485291
331.006531 326.727142
331.105927 327.114929
331.056213 327.576599
331.081085 328.088409
331.255157 328.552795
331.404541 328.883606
331.329803 329.104492
331.180511 329.301086
331.192963 329.337952
331.354736 329.055359
331.466797 328.565033
331.491699 328.002991
331.541565 327.406372
331.591431 326.606201
331.578949 325.509308
331.479279 324.145538
331.367157 322.781342
331.329803 321.416840
331.404541 319.947784
331.491699 319.276031
331.529083 320.867279
331.541565 321.487152
331.541565 320.785583
331.516663 321.768646
331.491699 324.574982
331.491699 324.563019
331.491699 315.597382
331.466797 0.000000
331.454346 0.000000
331.504181 0.000000
331.554047 0.000000
331.554047 0.000000
331.479279 0.000000
331.392090 0.000000
331.367157 0.000000
331.392090 0.000000
331.392090 0.000000
331.367157 0.000000
331.354736 0.000000
331.379608 0.000000
331.379608 0.000000
331.317383 0.000000
331.230286 0.000000
331.180511 0.000000
331.217834 0.000000
331.242737 0.000000
331.192963 0.000000
331.093536 0.000000
331.068634 0.000000
331.143219 0.000000
331.192963 0.000000
331.155670 0.000000
331.081085 0.000000
331.093536 0.000000
331.105927 0.000000
330.411316 0.000000
294.353241 0.000000
293.130402 0.000000
293.735657 0.000000
294.274658 0.000000
294.372864 648.863403
294.137268 643.044617
294.215759 323.859894
294.766388 300.695465
295.032593 289.408051
294.687622 285.677277
294.284485 285.077087
294.510468 285.538544
295.042480 285.742035
295.240021 284.516144
294.993164 281.771149
294.756531 279.920013
294.953674 279.715851
295.358643 280.133392
295.408112 280.605743
295.022766 281.043884
294.599030 281.456421
294.539978 281.870178
294.707306 282.357452
294.786072 282.955322
294.687622 283.583069
294.559662 284.167786
294.559662 284.644684
294.618713 284.994171
294.569519 285.279938
294.382721 285.446136
294.255035 285.399933
294.323761 285.279938
294.461334 285.279938
294.530151 285.446136
294.520325 285.714264
294.549835 286.047882
294.638367 286.400848
294.687622 286.736023
294.618713 287.053314
294.530151 287.305786
294.520325 287.464966
294.599030 287.483704
294.648224 287.296417
294.608856 286.913239
294.549835 286.549713
294.648224 286.475250
294.864929 286.652161
294.983276 286.773315
294.933960 286.708069
294.825500 286.568329
294.845245 286.382233
294.963562 286.159241
295.042480 285.927307
295.022766 285.742035
295.002991 285.547791
295.091858 285.353790
295.200470 285.270721
295.170837 285.446136
295.042480 285.973663
294.953674 286.875916
294.993164 287.990601
295.091858 288.943481
295.141205 289.341614
295.160950 289.123444
295.230133 288.508728
295.319092 287.718170
295.319092 286.885254
295.180725 286.233551
294.963562 286.020050
294.815643 286.224243
294.795959 286.456635
294.864929 286.614868
294.884644 286.959930
294.855072 287.352570
294.825500 287.586823
294.855072 287.539948
294.884644 287.128082
294.795959 286.512482
294.628571 286.094269
294.510468 286.149933
294.500671 286.885254
294.559662 288.150543
294.599030 289.170837
294.628571 289.408051
294.687622 288.943481
294.756531 287.821442
294.766388 286.586945
294.687622 286.140686
294.579346 286.233551
294.530151 0.000000
294.569519 0.000000
294.608856 0.000000
294.589172 0.000000
294.579346 0.000000
294.618713 0.000000
294.677765 0.000000
294.697449 0.000000
294.638367 0.000000
294.589172 0.000000
294.618713 0.000000
294.736847 0.000000
294.864929 0.000000
294.904388 0.000000
294.855072 0.000000
294.805817 0.000000
294.805817 0.000000
294.825500 0.000000
294.864929 0.000000
294.914215 0.000000
294.963562 0.000000
295.022766 0.000000
295.081970 0.000000
295.131317 0.000000
295.121490 0.000000
295.062225 0.000000
294.983276 0.000000
294.973389 0.000000
295.022766 316.776215
295.042480 315.766846
295.022766 317.506012
294.993164 0.000000
294.993164 0.000000
295.042480 0.000000
295.111603 661.913696
295.151093 659.537903
295.151093 0.000000
295.141205 0.000000
295.160950 0.000000
295.210388 0.000000
295.240021 0.000000
295.249878 0.000000
295.259766 0.000000
295.259766 0.000000
295.249878 0.000000
295.240021 835.860535
295.220245 0.000000
295.240021 0.000000
295.279541 0.000000
295.319092 0.000000
295.299316 0.000000
295.259766 0.000000
295.249878 0.000000
295.279541 0.000000
295.328979 340.501099
295.358643 338.957001
295.338898 0.000000
295.269653 0.000000
295.259766 0.000000
295.328979 0.000000
295.378418 340.290894
295.338898 340.777374
295.240021 340.698395
295.180725 0.000000
295.180725 0.000000
295.210388 0.000000
295.220245 0.000000
295.220245 0.000000
295.210388 0.000000
295.081970 0.000000
294.825500 0.000000
294.953674 0.000000
296.291321 0.000000
297.350159 0.000000
0.000000 0.000000
0.000000 0.000000
0.000000 0.000000
0.000000 0.000000
0.000000 238.018143
0.000000 0.000000
0.000000 0.000000
0.000000 0.000000
0.000000 0.000000
0.000000 0.000000
0.000000 0.000000
0.000000 0.000000
0.000000 0.000000
0.000000 0.000000
0.000000 0.000000
0.000000 0.000000
0.000000 0.000000
0.000000 0.000000
0.000000 0.000000
0.000000 0.000000
0.000000 0.000000
0.000000 0.000000
0.000000 0.000000
0.000000 0.000000
0.000000 0.000000
0.000000 0.000000
0.000000 0.000000
0.000000 0.000000
0.000000 0.000000
0.000000 0.000000
0.000000 0.000000
0.000000 0.000000
0.000000 0.000000
0.000000 0.000000
0.000000 0.000000
0.000000 0.000000
0.000000 0.000000
0.000000 0.000000
0.000000 0.000000
0.000000 0.000000
0.000000 0.000000
378.605774 0.000000
0.000000 0.000000
263.079407 0.000000
263.440857 0.000000
263.898041 0.000000
263.834900 0.000000
263.102936 0.000000
262.312653 0.000000
262.421906 503.568390
263.071564 0.000000
263.157898 0.000000
262.773712 0.000000
262.585968 0.000000
262.718933 934.718079
262.828552 925.401367
262.758087 918.463013
262.703278 912.476746
262.758087 0.000000
262.812866 0.000000
262.758087 233.524841
262.679810 238.688034
262.656342 244.524521
262.703278 243.256668
262.773712 240.320419
262.820709 237.268982
262.789368 235.112228
262.711090 234.070221
262.671997 234.064011
262.679810 235.105957
262.671997 236.867554
262.640686 238.655731
262.609436 240.150299
262.562531 241.425568
262.546875 242.694412
262.585968 244.044159
262.609436 245.320282
262.578156 246.582230
262.523438 248.115219
262.500000 249.907913
262.500000 251.518509
262.492188 252.852463
262.453125 254.127411
262.445312 255.304367
262.500000 256.045532
262.585968 256.328278
262.648529 256.455017
262.640686 256.768555
262.625061 257.285370
262.656342 257.691315
262.695465 257.796753
262.695465 257.826904
262.718933 257.955078
262.765900 258.264771
262.789368 258.795227
262.812866 259.442291
262.875549 259.977600
262.914703 260.392059
262.867706 260.815552
262.852051 261.047150
262.914703 261.016235
262.938232 260.931305
262.899048 260.854126
262.852051 260.669128
262.844208 260.384369
262.836365 260.138641
262.906860 260.008240
263.000977 260.000580
262.961731 260.223053
262.758087 260.777008
262.625061 261.410797
262.664154 261.876495
262.687622 262.226837
262.546875 262.601593
262.351654 263.008789
262.312653 263.283569
262.429718 263.385803
262.531250 263.448730
262.484375 263.558960
262.367249 263.685028
262.312653 263.716553
262.429718 263.748077
262.656342 263.898041
262.805054 264.135132
262.844208 264.293427
262.922546 264.309265
263.040161 264.309265
263.063721 264.348877
263.063721 264.317169
263.181458 264.000732
263.315033 263.346466
263.322876 262.632904
263.275726 262.398468
263.291443 262.578156
263.299286 262.859863
263.236450 263.071564
263.150024 263.142212
263.118652 262.977448
263.102936 262.507812
263.055847 261.853180
262.993103 261.116699
262.946075 260.353638
262.883362 259.648499
262.844208 259.274506
262.883362 259.259247
263.126495 259.320251
262.953918 259.442291
262.429718 259.648499
262.844208 259.870361
263.275726 260.192322
263.150024 260.407440
262.578156 260.545929
262.359467 260.946747
262.828552 261.441803
263.150024 261.721069
262.922546 262.071014
262.656342 262.750244
262.687622 263.614105
262.820709 264.833038
262.820709 266.489410
262.765900 268.240021
262.781555 270.510681
262.828552 253.513840
262.812866 248.108246
262.742401 246.547775
262.703278 0.000000
262.726776 0.000000
262.773712 0.000000
262.828552 0.000000
262.828552 0.000000
262.773712 0.000000
262.711090 0.000000
262.687622 0.000000
262.687622 490.163391
262.656342 498.023712
262.625061 507.625885
262.585968 519.159485
262.554718 536.333252
262.562531 0.000000
262.601593 0.000000
262.593781 501.649445
262.546875 495.310852
262.507812 0.000000
262.500000 0.000000
262.500000 0.000000
262.468750 783.791016
262.437531 0.000000
262.468750 247.815460
262.546875 247.996628
262.632904 251.239105
262.656342 266.175781
262.632904 269.584595
262.648529 268.697632
262.695465 266.497467
262.711090 263.614105
262.718933 260.607483
262.765900 257.616028
262.805054 255.274811
262.828552 254.032242
262.875549 253.491974
262.938232 253.368195
262.930389 253.594025
262.891205 254.083481
262.930389 254.721878
262.985260 255.578094
262.977448 256.469910
262.930389 257.187836
262.906860 257.759094
262.891205 258.400970
262.922546 259.106934
263.016632 259.786163
263.063721 260.522827
262.914703 261.534821
262.718933 262.601593
262.687622 263.267883
262.742401 263.519562
262.679810 263.708679
262.492188 263.669250
262.367249 263.079407
262.429718 262.156708
262.554718 261.240448
262.578156 260.392059
262.484375 259.747925
262.390686 259.388885
262.429718 259.084106
262.625061 258.666199
262.828552 258.310150
262.906860 258.226959
262.961731 258.355560
263.071564 258.469116
263.150024 258.446411
263.142212 258.272339
263.205017 257.985260
263.354340 257.721405
263.409393 257.661194
263.370087 257.902283
263.346466 258.476685
263.362213 259.304993
263.330750 260.130951
263.244293 260.707642
263.181458 261.008545
263.165741 261.232697
263.126495 261.534821
263.055847 261.822083
263.000977 261.853180
262.946075 261.565826
262.883362 261.232697
262.883362 261.000793
262.985260 260.769287
131.960861 260.507416
402.353912 260.453583
397.404694 260.638306
394.719177 260.861847
393.240906 261.047150
392.785553 261.224976
392.838043 261.480530
392.855560 261.837616
392.698120 262.195679
392.680634 262.148895
392.978088 261.209503
393.381195 260.838715
393.451416 262.718933
393.223358 264.071869
393.153259 267.345642
393.223358 270.684998
393.170776 272.550293
393.065643 274.381683
393.100677 276.385071
393.188324 277.699066
393.153259 278.946198
393.065643 432.480133
393.083160 441.662506
393.118195 443.037964
393.048126 440.735565
392.978088 435.921509
392.943085 403.550507
392.890533 396.903961
392.803070 987.792603
392.768097 966.046021
392.820557 946.758301
392.890533 936.405090
392.873047 930.085388
392.785553 922.980347
392.750610 908.154907
392.715607 881.471130
392.645660 859.565369
392.558319 403.236877
392.610748 372.859863
392.768097 364.237061
392.838043 365.066254
392.803070 368.205750
392.750610 371.900818
392.663177 375.207397
392.505920 377.908234
392.401123 379.828583
392.470978 380.812561
392.628204 381.257019
392.698120 381.537415
392.645660 381.686005
392.523376 381.520905
392.436035 381.207611
392.436035 381.438416
392.488434 382.314697
392.558319 383.011993
392.593231 383.111816
392.575775 382.945496
392.523376 382.928833
392.488434 383.394897
392.470978 383.928955
392.418579 383.711823
392.418579 383.211670
392.505920 383.461609
392.575775 384.146362
392.628204 384.363953
392.645660 384.163086
392.645660 384.163086
392.558319 384.531555
392.488434 384.783173
392.523376 384.816772
392.593231 385.119202
392.593231 385.793030
392.540833 386.215363
392.523376 386.367615
392.488434 386.604706
392.453491 386.672516
392.453491 386.198425
392.540833 385.674927
392.645660 385.725525
392.680634 386.232269
392.645660 387.096802
392.575775 388.221313
392.505920 389.163422
392.470978 389.627594
392.505920 389.558746
392.610748 389.094757
392.750610 388.563354
392.820557 388.306763
392.768097 388.289673
392.663177 388.375153
392.505920 388.580505
392.366211 389.026123
392.401123 389.610382
392.610748 390.110138
392.820557 390.541992
392.925568 391.113495
392.943085 391.651855
392.925568 391.825836
392.873047 391.582306
392.925568 390.992096
393.100677 390.230957
393.258423 389.610382
393.381195 389.403961
396.814667 389.593170
400.963776 390.127380
397.942596 390.940125
395.108185 391.825836
393.574280 392.715607
393.118195 393.609436
393.170776 394.330933
393.170776 394.860565
392.908051 395.037384
392.680634 394.436737
392.838043 392.943085
393.275940 391.321716
393.539185 390.507385
393.398743 390.593872
393.240906 390.386414
393.240906 387.982239
393.188324 386.469208
393.013092 387.453888
393.013092 391.825836
393.170776 393.943451
393.223358 391.373810
393.118195 190.385742
393.048126 383.228333
393.048126 381.900848
393.013092 374.236267
392.960571 0.000000
392.943085 0.000000
392.908051 0.000000
392.820557 0.000000
392.768097 423.956940
392.785553 501.563873
392.855560 514.615784
392.838043 0.000000
392.750610 760.869568
392.698120 381.141693
392.698120 380.944153
392.663177 380.664642
392.558319 379.273254
392.558319 379.077667
392.680634 379.926788
392.785553 381.355927
392.803070 384.112885
392.750610 389.283691
392.680634 395.427032
392.540833 398.698120
392.401123 399.185333
392.401123 398.427979
392.558319 397.565948
392.680634 397.011169
392.645660 396.404480
392.540833 395.515686
392.436035 394.348572
392.418579 393.135712
392.453491 391.947754
392.505920 390.818878
392.575775 389.920441
392.575775 389.403961
392.523376 389.197784
392.488434 389.352417
392.470978 389.765350
392.436035 390.265472
392.418579 390.836182
392.470978 391.547546
392.558319 392.122009
392.610748 392.244049
392.645660 392.052277
392.645660 391.912903
392.593231 391.982574
392.505920 392.052277
392.505920 392.122009
392.575775 392.418579
392.593231 393.048126
392.558319 393.697266
392.523376 393.873108
392.505920 393.521606
392.470978 392.960571
392.453491 392.523376
392.505920 392.296387
392.628204 392.000000
392.680634 391.443298
392.663177 390.870819
392.593231 390.801544
392.523376 391.721436
392.470978 393.135712
392.488434 394.207581
392.575775 394.754517
392.715607 395.037384
392.803070 395.232117
392.785553 395.391602
392.698120 395.285248
392.558319 394.507324
392.401123 393.205841
392.366211 392.174316
392.523376 391.773621
392.750610 391.808441
392.890533 391.878082
392.943085 391.808441
392.925568 391.651855
392.890533 391.425903
392.890533 391.026794
393.030609 390.438263
393.205841 389.851471
393.311035 389.300842
393.416290 388.888885
400.472198 388.923187
431.000793 389.318024
438.413391 389.662018
440.801636 389.799774
441.773102 389.885956
441.728851 389.885956
441.000000 389.868713
440.383453 389.954926
440.097778 389.851471
439.702881 389.455566
439.068085 389.318024
438.805969 389.885956
439.177399 390.957458
439.527588 391.982574
439.527588 392.698120
439.483765 392.943085
439.637146 392.768097
439.593292 392.348755
439.352417 391.947754
439.308655 391.669250
439.440002 391.564941
439.418091 391.843262
439.330566 392.593231
439.505707 393.627014
439.461884 394.648529
439.024414 395.409302
438.958862 396.155243
439.352417 397.333099
439.505707 399.239532
439.396210 401.511353
439.264923 403.957123
439.199310 406.620239
439.155548 409.718018
439.308655 413.250275
439.461884 416.922699
439.352417 420.300232
439.089966 423.448090
439.024414 427.263489
439.264923 432.225830
439.418091 436.288086
439.221161 438.043243
439.002533 438.435150
439.089966 438.239105
439.330566 437.586823
439.571411 436.698517
439.944153 435.835358
440.229584 435.190216
440.031921 434.804016
439.615204 434.589813
439.483765 434.418549
439.659027 434.311584
439.944153 434.311584
440.273560 434.268829
440.449432 434.161957
440.361481 434.183319
440.075836 434.546967
439.988037 435.211670
440.251587 435.835358
440.647461 436.223358
440.779602 436.331268
440.713531 436.288086
440.625458 436.309692
440.581451 436.504028
440.603485 436.871552
440.823669 437.283112
441.022064 437.565125
440.977966 437.521698
440.801636 437.304779
440.647461 437.044739
440.515442 436.785034
440.449432 436.439209
440.493439 436.072388
440.515442 435.921509
440.405457 436.093933
440.229584 436.482422
440.009979 436.893188
439.856354 437.261444
439.790558 437.521698
439.768646 437.608521
439.790558 437.456604
439.790558 437.066406
439.637146 436.547241
439.440002 436.115509
439.396210 435.856873
439.418091 435.899963
439.396210 436.201782
439.396210 436.460815
439.440002 436.417603
439.396210 436.158630
439.286774 435.964600
439.243011 436.029266
439.264923 436.374451
439.264923 436.871552
439.286774 437.369812
439.308655 437.695404
439.243011 437.673676
439.155548 437.413208
439.155548 437.196411
439.199310 437.088074
439.177399 436.979797
439.199310 436.741760
439.330566 436.504028
439.461884 436.266510
439.834442 435.986145
440.471436 435.555542
441.839508 434.954132
442.860016 434.204681
443.060242 433.436523
442.659973 432.756012
441.839508 432.246979
441.066162 432.035278
440.515442 432.119934
440.053894 432.395355
439.549469 432.777222
439.111816 433.223633
439.111816 433.734955
439.505707 434.247437
439.856354 434.654053
439.812531 434.825500
439.659027 434.761200
439.680939 434.632660
439.659027 434.739746
439.505707 435.276123
439.396210 436.223358
439.461884 437.109741
439.571411 437.521698
439.680939 437.326477
439.615204 436.482422
439.308655 434.846924
439.111816 432.035278
439.264923 427.284180
439.505707 421.364441
439.615204 420.059998
439.505707 427.077271
439.243011 436.525604
439.199310 439.243011
439.418091 438.936981
439.527588 438.260864
439.374298 437.673676
439.177399 437.088074
439.133667 436.525604
439.221161 436.158630
439.374298 435.986145
439.352417 436.050812
439.133667 436.244934
439.002533 436.352844
439.177399 436.417603
439.483765 436.547241
439.834442 436.785034
440.119781 437.153076
440.075836 437.500031
439.746735 437.717133
439.461884 437.586823
439.483765 437.196411
439.746735 436.893188
440.119781 436.893188
440.361481 437.109741
440.339478 437.369812
440.119781 437.500031
439.944153 437.283112
440.075836 436.698517
440.471436 435.986145
440.713531 435.426544
440.691528 435.190216
440.581451 435.211670
440.537415 435.426544
440.515442 435.555542
440.669525 435.598572
440.933868 435.792297
440.955902 436.309692
440.779602 436.849945
440.625458 437.196411
440.493439 437.348145
440.405457 437.586823
440.427460 437.956207
440.471436 438.348022
440.427460 438.587769
440.251587 438.696838
440.053894 438.609589
439.878326 438.282623
439.768646 437.956207
439.746735 437.912720
439.768646 438.326202
439.768646 439.089966
439.680939 439.922180
439.461884 440.493439
439.374298 440.691528
439.396210 440.691528
439.396210 440.471436
439.374298 439.680939
439.418091 438.108490
439.396210 435.770752
439.286774 432.756012
439.221161 429.280670
439.243011 426.169312
439.243011 423.793976
439.243011 421.626282
439.286774 419.520538
439.264923 418.207703
439.177399 418.525177
439.133667 421.444946
439.177399 427.947571
439.177399 433.670959
439.155548 435.082855
439.264923 435.297607
439.418091 435.233185
439.593292 217.648804
429.636139 219.228470
407.785858 217.836945
399.709961 0.000000
396.066284 0.000000
394.295685 0.000000
393.644562 0.000000
393.468933 0.000000
393.170776 0.000000
392.925568 0.000000
393.153259 0.000000
393.697266 0.000000
393.943451 0.000000
393.714844 0.000000
393.521606 0.000000
393.539185 0.000000
393.416290 0.000000
393.205841 0.000000
393.205841 0.000000
393.363647 0.000000
393.381195 0.000000
393.258423 0.000000
393.223358 0.000000
393.205841 0.000000
393.118195 0.000000
393.083160 0.000000
393.118195 0.000000
393.048126 0.000000
392.925568 0.000000
392.838043 0.000000
392.838043 0.000000
392.890533 0.000000
392.890533 0.000000
392.820557 0.000000
392.733093 0.000000
392.715607 0.000000
392.680634 0.000000
392.593231 412.207306
392.558319 397.261505
392.663177 390.541992
392.803070 387.504944
392.838043 386.164642
392.768097 385.793030
392.698120 385.978729
392.558319 386.469208
392.401123 387.096802
392.383667 387.726410
392.523376 388.358063
392.663177 388.957489
392.663177 389.249298
392.540833 389.008972
392.436035 388.409363
392.401123 387.931030
392.436035 387.726410
392.488434 387.641205
392.558319 387.590088
392.558319 387.590088
392.523376 387.624176
392.488434 387.573059
392.453491 387.351776
392.418579 386.994873
392.383667 386.621643
392.436035 386.283020
392.523376 385.911163
392.593231 385.540070
392.628204 385.337921
392.628204 385.388458
392.593231 385.590607
392.488434 385.877411
392.470978 386.333771
392.540833 386.977905
392.575775 387.590088
392.540833 387.999298
392.505920 388.340973
392.488434 388.648987
392.453491 388.854614
392.418579 388.786041
392.470978 388.443573
392.593231 387.948120
392.663177 387.385803
392.645660 386.859100
392.575775 386.418396
392.505920 386.012512
392.453491 385.523224
392.453491 384.967926
392.523376 384.414215
392.663177 383.945679
392.768097 383.595032
392.768097 383.411591
392.680634 383.461609
392.540833 383.962402
392.383667 384.816772
392.331299 385.759277
392.470978 386.706421
392.715607 387.794586
392.873047 389.008972
392.925568 389.972137
392.925568 390.058380
392.873047 389.335236
392.873047 388.614746
392.995605 388.272583
393.170776 387.948120
393.293518 387.539001
393.328552 387.334778
393.293518 387.624176
393.240906 388.426483
393.118195 389.817047
392.978088 391.791046
392.925568 393.855499
393.065643 395.462494
393.223358 396.921814
393.205841 398.716156
392.960571 398.463989
392.785553 394.489655
392.803070 390.697662
392.943085 193.018921
393.223358 192.639511
393.556732 96.773132
393.697266 0.000000
393.539185 0.000000
393.188324 0.000000
392.855560 0.000000
392.715607 0.000000
392.803070 0.000000
392.925568 0.000000
392.890533 0.000000
392.680634 0.000000
392.418579 0.000000
392.209167 0.000000
392.034851 0.000000
391.982574 0.000000
392.191742 0.000000
392.523376 0.000000
392.680634 0.000000
392.610748 0.000000
392.505920 913.705566
392.418579 910.592590
392.418579 894.886414
392.575775 880.942871
392.768097 869.051147
392.820557 864.282166
392.698120 895.613342
392.523376 978.586487
392.436035 1050.125000
392.401123 0.000000
392.418579 0.000000
392.505920 0.000000
392.575775 0.000000
392.575775 0.000000
392.523376 0.000000
392.436035 0.000000
392.278961 0.000000
392.104553 0.000000
392.069702 0.000000
392.191742 0.000000
392.383667 0.000000
392.540833 0.000000
392.593231 0.000000
392.453491 0.000000
392.122009 0.000000
391.860657 0.000000
392.401123 0.000000
394.613220 0.000000
397.315216 0.000000
403.107849 0.000000
0.000000 0.000000
0.000000 0.000000
0.000000 0.000000
0.000000 0.000000
0.000000 0.000000
0.000000 0.000000
0.000000 380.172424
0.000000 398.445984
0.000000 392.244049
0.000000 0.000000
0.000000 0.000000
0.000000 376.810364
0.000000 0.000000
0.000000 0.000000
0.000000 0.000000
0.000000 0.000000
0.000000 0.000000
0.000000 0.000000
0.000000 0.000000
0.000000 0.000000
0.000000 0.000000
0.000000 0.000000
0.000000 0.000000
0.000000 0.000000
0.000000 0.000000
0.000000 0.000000
0.000000 0.000000
0.000000 0.000000
0.000000 0.000000
0.000000 0.000000
0.000000 0.000000
0.000000 0.000000
0.000000 0.000000
0.000000 0.000000
0.000000 0.000000
0.000000 0.000000
0.000000 0.000000
0.000000 0.000000
0.000000 0.000000
0.000000 0.000000
0.000000 0.000000
0.000000 0.000000
355.372894 0.000000
353.068329 0.000000
352.644836 0.000000
352.447540 0.000000
351.758789 0.000000
350.612183 0.000000
349.764038 0.000000
349.708557 0.000000
349.888916 0.000000
349.888916 0.000000
350.027771 0.000000
350.222382 0.000000
350.208466 775.112061
350.069458 354.815338
350.027771 348.933807
350.027771 360.529755
349.986115 768.025085
350.097260 777.914978
350.291931 791.386292
350.277985 798.190063
350.083344 800.362976
349.972229 817.423584
350.013916 844.665771
350.027771 858.561340
349.888916 865.299683
349.708557 882.617859
349.666962 900.919373
349.736298 154.921661
349.833405 153.846161
349.875061 153.634445
349.847290 153.950882
349.805664 154.560577
349.847290 320.052277
349.944458 326.920929
349.986115 330.535156
349.902802 332.529053
349.819519 333.762177
349.847290 334.166840
349.916687 333.837982
349.972229 333.194824
350.055573 332.717194
350.264099 332.478882
350.458923 332.416260
350.431091 332.666992
350.250183 333.345947
350.277985 334.306213
350.514648 335.284729
350.653992 336.102417
350.626099 336.705475
350.653992 337.104431
350.835327 337.439728
350.960968 337.749878
350.863220 337.827515
350.737671 337.568878
350.793457 337.233307
350.960968 337.155945
351.044769 337.297821
351.086700 337.478455
351.142609 337.620605
351.170563 337.866333
351.086700 338.345886
350.960968 339.022125
350.905121 339.871277
350.960968 340.737885
351.058746 341.503082
351.114655 342.072601
351.128632 342.444489
351.128632 342.657349
351.100677 342.803833
351.086700 342.977142
351.086700 343.217346
351.072723 343.471313
351.058746 343.685455
351.072723 343.779236
351.128632 343.779236
351.156586 343.658691
351.114655 343.377747
351.016815 342.923767
350.960968 342.378021
350.988892 341.847198
350.988892 341.476624
350.960968 341.291656
350.960968 341.265228
350.974915 341.304840
350.974915 341.357697
350.905121 341.397308
350.807404 341.357697
350.779510 341.238831
350.821350 340.974976
350.821350 340.619446
350.737671 340.290894
350.667938 340.146576
350.695831 340.185913
350.765564 340.409088
350.765564 340.882751
350.681885 341.582458
350.667938 342.351440
350.723724 342.910461
350.709747 343.217346
350.598267 343.324249
350.528595 343.297516
350.556458 343.110565
350.570374 342.803833
350.947021 342.457794
352.517975 342.231873
353.280457 342.112427
353.266327 341.993042
352.687134 341.860474
351.506470 341.913483
350.319733 342.205322
349.958344 342.617432
350.111145 343.030487
350.111145 343.310883
350.111145 343.244110
350.319733 342.510956
350.417175 340.711548
350.333649 337.517212
350.250183 332.654480
350.250183 644.736816
350.194550 635.721497
350.208466 636.915100
350.361511 646.674988
350.431091 654.060059
350.264099 658.553040
350.097260 666.918701
350.083344 683.191284
350.111145 715.618652
350.013916 740.119141
349.833405 750.702209
349.708557 760.082703
349.736298 767.089966
349.819519 771.856140
349.875061 773.955811
349.875061 776.340088
349.819519 792.452881
349.805664 811.407593
349.902802 826.771667
349.986115 848.729797
349.944458 167.102417
349.833405 335.450500
349.819519 336.525635
349.902802 336.705475
349.972229 335.795319
350.027771 334.407593
350.180664 333.182220
350.417175 332.278473
350.472870 331.791016
350.319733 331.853424
350.250183 332.178375
350.445007 332.403717
350.653992 332.566650
350.667938 332.817627
350.653992 333.182220
350.793457 333.610718
350.960968 334.040283
350.933044 334.382233
350.793457 334.521729
350.793457 334.509064
350.933044 334.509064
351.058746 334.547119
351.100677 334.585205
351.142609 334.699463
351.184570 334.953674
351.142609 335.335724
351.030823 335.680298
350.933044 335.872040
350.947021 335.897644
351.044769 335.820923
351.114655 335.667511
351.142609 335.501556
351.156586 335.476013
351.128632 335.654755
351.100677 335.974426
351.100677 336.435760
351.100677 337.014252
351.072723 337.607666
351.072723 338.099457
351.114655 338.475739
351.170563 338.644623
351.156586 338.475739
351.058746 338.073547
350.988892 337.736938
350.988892 337.555969
351.016815 337.439728
350.988892 337.388123
350.960968 337.478455
350.974915 337.620605
350.988892 337.672272
350.947021 337.581818
350.849274 337.439728
350.793457 337.349396
350.821350 337.413940
350.835327 337.672272
350.779510 338.112427
350.681885 338.618652
350.681885 339.074280
350.751617 339.387390
350.793457 339.622620
350.723724 339.845093
350.681885 340.133423
350.723724 340.527374
350.737671 340.948608
350.653992 341.238831
350.556458 341.252045
350.556458 341.120056
350.584290 341.040924
350.445007 341.080475
348.478851 341.186005
340.290894 341.331268
335.335724 341.503082
334.103577 341.675079
333.182220 341.714783
331.903381 341.489868
330.807892 341.080475
330.498016 340.632599
330.683868 340.133423
330.869934 339.596497
331.143219 339.165558
331.479279 338.996094
331.491699 339.035187
331.168121 339.100342
330.807892 338.904907
330.621887 338.255035
330.485596 337.271973
330.547546 336.063995
330.882355 334.750244
331.130829 333.471985
331.081085 332.491425
330.845123 331.728607
330.696259 330.894775
330.621887 329.855286
330.510406 328.883606
330.324707 328.381561
330.250488 328.552795
330.312347 329.424072
330.398926 330.708649
330.498016 331.965820
330.559906 332.943268
330.535156 333.497192
330.398926 333.749603
330.250488 333.913849
330.299957 334.078247
330.498016 334.141541
330.559906 334.192200
330.448456 334.344208
330.398926 334.585205
330.448456 334.699463
330.498016 334.597870
330.485596 334.318848
330.485596 333.939117
330.646667 333.522400
330.894775 333.131866
330.932037 332.855286
330.758270 332.692108
330.721069 332.604279
330.919586 332.529053
331.105927 332.353607
331.105927 332.040802
331.043823 331.616333
331.130829 331.143219
331.342285 330.758270
331.404541 330.584717
331.267609 330.609497
331.168121 330.683868
331.255157 330.708649
331.404541 330.646667
331.479279 330.485596
331.504181 330.275238
331.554047 330.015717
331.591431 329.719635
331.541565 329.411774
331.416962 329.153625
331.329803 328.895844
331.342285 328.638489
331.441895 328.454926
331.504181 328.442688
331.529083 328.540588
331.541565 328.552795
331.529083 328.418243
331.491699 328.234924
331.479279 328.198273
331.491699 328.295990
331.479279 328.418243
331.454346 328.552795
331.466797 328.736511
331.516663 328.932678
331.566467 329.067657
331.529083 329.116760
331.441895 329.141327
331.367157 329.227325
331.379608 329.424072
331.404541 329.682648
331.379608 329.879944
331.354736 329.953979
331.354736 329.966339
331.379608 329.978668
331.354736 329.855286
331.280060 329.337952
331.192963 328.357117
331.180511 327.649628
331.230286 328.186035
331.230286 329.510254
331.143219 330.721069
331.068634 331.691162
331.081085 332.353607
331.168121 332.855286
331.192963 333.446747
331.118378 334.154175
331.068634 334.826538
331.105927 335.195526
330.969269 335.182800
330.783112 334.788361
331.466797 334.154175
332.353607 333.522400
332.491425 333.006134
331.641266 332.591736
330.572327 332.253448
330.299957 331.965820
330.572327 331.703644
330.597076 331.541565
330.559906 331.541565
330.745850 331.541565
330.907166 331.180511
330.857544 330.485596
330.733459 329.719635
330.721069 328.895844
330.696259 327.783569
330.597076 326.400696
330.696259 325.041443
330.932037 323.788544
330.969269 322.710480
330.758270 322.168243
330.597076 322.285980
330.609497 322.651459
330.671448 322.439117
330.584717 320.645660
330.386597 318.388580
330.262878 161.072357
330.287598 426.973938
330.374207 438.086731
330.436066 437.391541
330.436066 349.223938
330.411316 337.969879
330.374207 335.603668
330.411316 334.445618
330.510406 333.623352
330.535156 332.955841
330.436066 332.303528
330.349457 331.616333
330.349457 330.919586
330.411316 330.250488
330.473236 329.793610
330.510406 329.621063
330.646667 329.645691
330.882355 329.707275
330.994110 329.608734
330.857544 329.350281
330.708649 329.067657
330.820312 328.810028
331.056213 328.406006
331.155670 327.844482
331.093536 327.309174
331.130829 326.969421
331.304932 326.884583
331.441895 326.957275
331.354736 326.957275
331.205414 326.824036
331.217834 326.690857
331.379608 326.727142
331.479279 326.908844
331.504181 327.175629
331.554047 327.418518
331.591431 327.540100
331.578949 327.564423
331.479279 327.661804
331.367157 327.893250
331.342285 328.125000
331.416962 328.271545
331.491699 328.295990
331.529083 328.234924
331.554047 328.173828
331.554047 328.137207
331.516663 328.076172
331.491699 327.954193
331.504181 327.783569
331.491699 327.613098
331.466797 327.357758
331.466797 327.005768
331.504181 326.569916
331.554047 326.195526
331.554047 326.014618
