881.849788
679.838098
423.223687
1010.047309
0.000000 0.000000
0.000000 276.810089
873.699890 276.740631
876.391113 275.711151
875.955872 272.946716
873.699890 265.614655
871.713745 262.289246
871.283264 260.915863
872.489868 259.008026
872.403564 257.977722
293.882446 258.045654
219.769272 257.887177
219.835007 257.646149
219.999496 257.872131
220.329239 258.090942
221.157944 258.242065
221.959381 258.499390
221.808685 258.704132
221.435562 258.878784
221.296677 259.046051
221.280014 259.106934
221.268921 259.160248
221.257812 259.205933
221.274460 259.198303
221.374420 259.228790
221.524551 259.274506
221.569061 259.289734
221.446686 259.335480
221.230057 259.411774
221.041565 259.449921
221.041565 259.510986
221.169037 259.595001
221.230057 259.640839
221.157944 259.671448
220.964020 259.717316
220.726242 259.778534
220.637894 259.870361
220.731781 259.962280
220.787018 260.069611
220.704147 260.207703
220.610306 260.345947
220.621338 260.422821
220.715210 260.484344
220.770432 260.553589
220.693115 260.646027
220.516541 260.723053
220.400818 260.800140
220.433868 260.877289
220.516541 260.939026
220.560669 260.946747
220.588242 260.931305
220.615814 260.954468
220.753860 261.047150
221.013855 261.178558
221.280014 261.310120
221.385544 261.395294
221.274460 261.441803
221.080322 261.488312
220.908676 261.519287
220.853378 261.496033
220.897614 261.403046
220.864426 261.302368
220.626862 261.240448
220.417343 261.201782
220.483459 261.170837
220.731781 261.101257
220.997238 260.977631
221.063705 260.861847
220.787018 260.830994
220.378784 260.877289
220.323730 260.931305
220.516541 260.954468
220.582718 260.946747
220.422867 260.915863
220.329239 260.885010
220.444885 260.892700
220.604782 260.923584
220.748352 260.939026
220.698639 260.923584
220.285233 260.892700
219.873367 260.885010
219.873367 260.908173
220.175247 260.954468
220.373276 260.985352
220.384308 260.985352
220.455917 260.962189
220.588242 260.946747
220.555145 260.962189
220.301743 260.993073
220.015961 261.008545
219.730942 260.985352
219.621506 260.939026
220.241211 260.908173
442.948975 260.915863
442.038788 260.946747
221.135757 260.962189
221.202316 260.954468
221.218948 260.923584
221.207870 260.908173
221.213425 260.931305
221.252274 260.969910
221.291107 260.985352
221.285568 260.969910
221.257812 260.939026
221.268921 260.923584
221.352203 260.946747
221.396652 260.977631
221.313324 260.985352
221.157944 260.954468
221.058182 260.915863
221.047089 260.900421
221.013855 260.915863
220.919754 260.946747
220.809128 260.954468
220.759399 260.939026
221.357758 260.908173
221.942627 260.900421
221.853302 260.931305
221.596909 260.962189
221.307770 260.969910
221.063705 260.939026
220.892075 260.908173
220.787018 260.900421
220.726242 260.931305
220.687576 260.954468
220.720718 260.962189
220.831253 260.931305
220.969559 260.900421
221.019394 260.892700
220.881027 260.923584
220.610306 260.954468
220.340256 260.954468
220.219208 260.931305
220.285233 260.900421
220.516541 260.900421
220.803604 260.931305
220.792557 260.962189
220.477951 260.962189
220.455917 260.931305
175.560822 260.900421
87.759445 260.908173
87.751587 260.939026
263.645599 260.962189
263.503815 260.954468
263.275726 260.931305
263.063721 260.900421
262.969604 260.908173
263.016632 260.939026
263.024506 260.962189
262.859863 260.954468
262.609436 260.923584
262.375061 260.900421
262.273621 260.908173
262.328247 260.939026
262.328247 260.962189
262.141113 260.954468
261.016235 260.923584
511.660278 260.900421
507.217194 260.908173
504.403534 260.946747
503.166199 260.962189
502.994049 260.954468
503.022705 260.923584
503.051392 260.900421
502.764648 260.915863
501.535309 260.946747
500.226868 260.962189
500.624390 260.946747
501.706482 260.915863
501.763580 260.900421
500.794922 260.915863
498.953430 260.946747
496.985413 260.962189
496.593658 260.946747
496.901398 260.915863
493.979279 260.900421
481.730316 260.915863
477.169464 260.946747
485.816559 260.962189
166.776978 260.946747
166.685562 260.908173
166.267654 260.900421
166.179932 260.915863
166.342911 260.946747
166.217514 260.962189
166.129868 260.939026
166.230042 260.908173
166.248840 260.900421
224.730545 260.923584
225.592758 260.954468
226.881027 260.962189
166.158020 260.939026
229.555984 260.908173
230.070953 260.900421
234.555756 260.923584
495.589142 260.954468
478.645447 260.962189
458.920868 260.939026
451.289398 260.908173
330.733459 260.900421
330.065125 260.923584
330.015717 260.954468
330.089813 260.962189
330.188690 260.939026
330.398926 260.908173
330.758270 260.900421
330.956848 260.931305
330.832703 260.954468
330.683868 260.962189
330.696259 260.931305
330.894775 260.900421
331.267609 260.900421
331.641266 260.931305
331.741089 260.954468
331.504181 260.954468
331.217834 260.931305
331.205414 260.900421
331.367157 260.900421
331.429443 260.931305
331.329803 260.962189
331.230286 260.954468
331.280060 260.931305
331.379608 260.900421
331.329803 260.908173
331.180511 260.939026
331.018951 260.962189
330.857544 260.954468
330.758270 260.923584
330.795471 260.900421
330.832703 260.908173
330.758270 260.939026
330.597076 260.962189
330.460846 260.954468
330.572327 260.923584
330.795471 260.900421
330.919586 260.908173
330.907166 260.939026
330.807892 260.962189
330.609497 260.954468
165.428772 260.923584
330.324707 260.900421
330.374207 260.908173
330.498016 260.946747
330.485596 260.962189
165.314056 260.946747
165.407059 260.915863
165.599594 260.900421
331.043823 260.915863
331.130829 260.946747
165.605804 260.962189
165.686691 260.946747
165.833115 260.915863
330.708649 260.900421
330.250488 260.915863
330.163971 260.946747
165.652466 260.962189
165.867416 260.946747
331.081085 260.915863
330.745850 260.900421
330.324707 260.915863
165.596481 260.946747
165.518799 260.962189
165.518799 260.946747
165.571609 260.908173
330.584717 260.900421
330.485596 260.923584
330.597076 260.954468
330.932037 260.962189
331.180511 260.939026
331.155670 260.908173
165.686691 260.900421
165.876785 260.923584
165.932953 260.954468
165.917328 260.962189
165.898605 260.939026
165.873657 260.908173
165.833115 260.900421
165.792587 260.923584
165.761429 260.954468
165.730286 260.962189
165.683578 260.939026
165.661804 260.908173
165.671143 260.900421
165.652466 260.931305
165.596481 260.954468
165.584061 260.962189
165.612030 260.939026
165.574722 260.908173
165.481537 260.900421
165.422562 260.931305
165.422562 260.954468
165.413239 260.954468
165.279953 260.931305
164.998596 260.900421
164.983170 260.900421
165.323334 260.931305
165.565414 260.962189
165.593369 260.954468
165.506378 260.931305
165.450485 260.900421
330.498016 260.908173
165.450485 260.931305
165.372925 260.962189
165.283066 260.954468
165.221130 260.923584
165.208755 260.900421
165.292358 260.908173
165.453583 260.939026
165.580948 260.962189
165.593369 260.954468
165.540543 260.923584
165.490829 260.900421
165.469116 260.908173
165.500168 260.939026
165.400848 260.962189
164.893707 260.954468
325.053436 260.923584
324.133636 260.900421
323.800446 260.908173
319.912933 260.939026
315.270233 260.962189
313.243591 260.946747
312.921326 260.915863
313.845490 260.900421
314.035492 260.908173
105.261902 260.946747
105.219208 260.962189
104.921310 260.946747
207.788528 260.915863
207.275803 260.900421
207.509872 260.915863
207.798325 260.946747
207.827713 260.962189
104.278740 260.946747
104.219597 260.915863
365.353546 260.900421
366.629272 260.915863
368.390289 260.946747
369.300323 260.962189
368.729095 260.946747
368.098145 260.915863
369.099457 260.900421
370.712860 260.915863
370.931122 260.946747
370.121704 260.962189
369.873352 260.939026
186.359024 260.900421
185.742859 260.861847
369.950928 260.846405
369.826813 260.846405
367.791168 260.846405
359.838440 260.838715
349.736298 260.823273
345.259552 260.800140
340.435394 260.800140
334.940979 260.823273
333.408936 260.861847
335.693085 260.900421
337.375214 260.915863
165.854950 260.915863
165.767654 260.908173
165.752090 260.900421
165.571609 260.892700
165.416351 260.900421
165.562302 260.931305
165.886139 260.977631
165.989166 261.000793
165.883011 260.993073
166.036026 260.993073
167.203796 261.000793
297.681305 261.000793
293.951019 260.969910
292.663513 260.915863
219.818573 260.885010
220.191727 260.908173
220.533081 260.939026
220.869965 260.946747
221.174576 260.946747
221.335541 260.946747
221.435562 260.977631
221.557938 261.031708
221.619171 261.078064
221.591339 261.085785
221.496735 261.054901
221.368881 261.016235
221.318893 260.962189
221.385544 260.892700
221.441132 260.800140
221.457809 260.723053
221.491180 260.684509
221.457809 260.676819
221.318893 260.661407
221.213425 260.630585
221.241150 260.630585
221.241150 260.676819
221.024948 260.738464
220.698639 260.761597
220.549622 260.730743
220.527557 260.676819
220.417343 260.646027
220.274216 260.661407
220.219208 260.692230
220.208221 260.715363
220.169739 260.746155
220.131271 260.784729
220.142273 260.838715
220.197235 260.892700
220.274216 260.931305
220.345764 260.954468
220.461411 260.969910
220.588242 261.016235
220.632370 261.085785
220.637894 261.132172
220.759399 261.116699
220.975098 261.078064
221.113602 261.023987
