1.845986
2.229116
2.612245
3.018594
3.401723
3.784853
4.167982
4.748481
5.317369
5.886259
5.990748
6.594467
7.198186
7.790295
8.405623
9.508572
10.123900
10.855329
11.482267
12.062766
12.689705
13.316644
13.943583
14.558911
14.965261
15.580589
16.195919
16.729977
17.345306
18.007074
18.575964
19.144852
19.713741
20.282631
20.816689
21.373968
21.931248
22.569796
23.138685
23.707573
24.044264
24.636372
25.228481
25.832199
26.424309
26.993196
27.573696
28.154196
28.746304
29.326803
29.953741
30.534241
31.114738
31.753288
