0.000000
0.000000
0.000000
0.000000
0.000000
0.000000
0.000000
0.000000
252.852463
252.136871
0.000000
0.000000
0.000000
0.000000
0.000000
0.000000
0.000000
0.000000
0.000000
0.000000
0.000000
0.000000
0.000000
0.000000
0.000000
0.000000
0.000000
0.000000
0.000000
0.000000
0.000000
0.000000
0.000000
0.000000
0.000000
0.000000
0.000000
0.000000
0.000000
0.000000
0.000000
0.000000
0.000000
0.000000
0.000000
0.000000
0.000000
0.000000
251.877655
252.591797
250.056702
243.632950
0.000000
0.000000
0.000000
0.000000
0.000000
0.000000
0.000000
0.000000
0.000000
0.000000
0.000000
0.000000
0.000000
0.000000
0.000000
0.000000
0.000000
0.000000
0.000000
0.000000
0.000000
0.000000
0.000000
0.000000
0.000000
0.000000
0.000000
0.000000
0.000000
0.000000
0.000000
0.000000
0.000000
0.000000
0.000000
0.000000
0.000000
0.000000
0.000000
0.000000
0.000000
0.000000
0.000000
0.000000
0.000000
0.000000
0.000000
0.000000
0.000000
0.000000
0.000000
0.000000
0.000000
0.000000
0.000000
0.000000
0.000000
0.000000
0.000000
0.000000
0.000000
0.000000
0.000000
0.000000
0.000000
0.000000
0.000000
0.000000
0.000000
0.000000
0.000000
151.533371
151.715836
0.000000
0.000000
0.000000
0.000000
0.000000
0.000000
0.000000
0.000000
0.000000
0.000000
0.000000
0.000000
0.000000
0.000000
0.000000
0.000000
0.000000
0.000000
0.000000
0.000000
0.000000
209.900040
212.095703
303.572662
305.507446
0.000000
0.000000
0.000000
0.000000
0.000000
123.372177
123.277328
123.134491
0.000000
0.000000
0.000000
0.000000
0.000000
0.000000
0.000000
0.000000
0.000000
0.000000
0.000000
0.000000
0.000000
0.000000
0.000000
0.000000
0.000000
0.000000
0.000000
0.000000
0.000000
0.000000
0.000000
0.000000
0.000000
0.000000
0.000000
0.000000
0.000000
0.000000
0.000000
0.000000
0.000000
0.000000
0.000000
0.000000
0.000000
0.000000
0.000000
0.000000
0.000000
0.000000
0.000000
0.000000
0.000000
0.000000
0.000000
0.000000
0.000000
338.748718
0.000000
0.000000
0.000000
0.000000
0.000000
0.000000
0.000000
0.000000
0.000000
0.000000
0.000000
0.000000
0.000000
0.000000
0.000000
0.000000
0.000000
0.000000
0.000000
0.000000
0.000000
0.000000
500.198486
497.153473
0.000000
0.000000
0.000000
0.000000
0.000000
0.000000
0.000000
0.000000
181.971985
0.000000
0.000000
0.000000
0.000000
0.000000
0.000000
0.000000
0.000000
0.000000
0.000000
0.000000
0.000000
0.000000
0.000000
0.000000
0.000000
0.000000
291.811401
0.000000
0.000000
0.000000
0.000000
0.000000
0.000000
0.000000
0.000000
0.000000
0.000000
0.000000
0.000000
0.000000
0.000000
253.528427
251.935226
0.000000
0.000000
0.000000
0.000000
0.000000
0.000000
0.000000
0.000000
0.000000
0.000000
0.000000
0.000000
0.000000
0.000000
534.999390
538.922119
546.366882
0.000000
0.000000
0.000000
0.000000
0.000000
0.000000
0.000000
0.000000
0.000000
0.000000
0.000000
0.000000
0.000000
0.000000
0.000000
0.000000
0.000000
0.000000
0.000000
0.000000
0.000000
0.000000
0.000000
0.000000
0.000000
0.000000
0.000000
0.000000
0.000000
0.000000
0.000000
0.000000
0.000000
0.000000
0.000000
0.000000
0.000000
0.000000
0.000000
0.000000
0.000000
0.000000
0.000000
0.000000
0.000000
0.000000
0.000000
0.000000
0.000000
0.000000
0.000000
0.000000
0.000000
0.000000
0.000000
0.000000
0.000000
0.000000
0.000000
930.477905
935.511230
950.431091
0.000000
288.546478
288.924561
286.512482
284.103699
784.557922
782.261658
422.393555
424.569183
426.581543
285.510803
734.755066
745.751282
119.411880
119.203690
282.465973
280.873840
279.857849
279.591705
282.438843
285.668030
286.521790
285.409180
284.607941
285.086304
285.668030
281.321777
276.099548
273.777008
273.225739
273.913055
275.074860
275.918152
275.926788
275.392639
274.997650
275.556122
276.411041
276.350403
274.509827
271.493225
270.660095
272.415619
273.853516
273.335815
271.853027
272.659821
277.158020
276.541046
269.173279
267.857147
268.182922
0.000000
0.000000
0.000000
0.000000
0.000000
0.000000
0.000000
0.000000
0.000000
0.000000
0.000000
0.000000
0.000000
0.000000
0.000000
0.000000
2639.138428
2587.269043
2555.040527
2553.561279
0.000000
2663.848145
2647.853760
2595.644775
2595.644775
2658.227783
2709.677490
2723.062744
0.000000
0.000000
0.000000
0.000000
0.000000
0.000000
0.000000
0.000000
0.000000
0.000000
0.000000
0.000000
0.000000
0.000000
0.000000
0.000000
0.000000
0.000000
0.000000
2656.626709
2634.408691
2676.783203
0.000000
0.000000
0.000000
0.000000
0.000000
0.000000
0.000000
0.000000
0.000000
0.000000
2829.644043
2736.580811
2703.862793
2688.205078
2663.043457
0.000000
0.000000
0.000000
2684.114746
2741.685059
2727.272705
0.000000
0.000000
0.000000
0.000000
0.000000
0.000000
0.000000
0.000000
0.000000
0.000000
0.000000
2860.850098
2770.100586
2703.862793
2679.222412
2684.114746
2695.599121
2692.307861
0.000000
2644.677734
2601.770020
2545.454834
2522.883301
2537.399414
2563.953613
2593.354980
2626.563477
2635.195801
2624.219238
2610.239990
2607.924316
2628.128906
2674.348145
2713.846191
2711.343506
2654.228027
2569.181641
2555.040527
2625.000000
2675.159424
2658.227783
2609.467529
2578.947266
2555.040527
2531.572998
2535.940186
2562.463867
0.000000
2580.456299
2570.679199
2566.191406
2570.679199
0.000000
160.151077
160.000000
2617.210938
2556.521729
2509.960205
2500.708984
2520.720459
0.000000
0.000000
0.000000
0.000000
0.000000
0.000000
0.000000
0.000000
454.404938
168.645676
246.575333
246.430664
0.000000
0.000000
0.000000
0.000000
170.464432
0.000000
0.000000
171.258804
171.425232
0.000000
0.000000
0.000000
171.421906
171.485229
171.385269
0.000000
0.000000
0.000000
0.000000
0.000000
0.000000
0.000000
0.000000
259.449921
259.198303
258.469116
257.902283
255.882095
266.336517
266.658600
249.540237
248.569748
247.752808
246.989639
271.142670
272.339905
271.861420
271.484863
271.585175
294.648224
0.000000
0.000000
0.000000
180.530533
180.088196
0.000000
261.333344
493.316193
0.000000
0.000000
0.000000
196.436523
0.000000
1504.605957
1500.000000
1497.453369
1493.396606
1486.600464
1477.882080
1477.634521
1483.350220
1489.864990
1486.349976
1459.057007
1394.687012
1324.722046
1301.844971
261.279144
257.623566
257.585938
262.117767
269.724762
275.556122
280.213501
282.782959
282.846436
281.474396
280.124512
278.902100
277.812775
277.018768
276.307129
275.521698
274.937653
274.689331
274.629456
274.561096
274.458557
274.211090
273.615631
272.718842
271.760895
270.784729
269.683533
268.435944
267.094666
265.886902
264.944427
264.135132
263.385803
262.828552
262.515625
262.414093
262.468750
262.609436
262.711090
262.820709
263.087250
263.606201
264.103485
264.301361
264.269653
264.095581
263.700775
263.197174
262.828552
262.429718
261.853180
261.232697
260.715363
260.276794
259.946960
259.908630
260.023590
259.977600
259.679077
259.289734
258.909180
258.423676
257.796753
257.300385
256.970551
256.731201
257.352936
259.106934
260.538208
261.224976
262.141113
265.263153
270.295105
273.031189
274.168457
274.202576
273.225739
271.284454
131.103683
238.552444
238.468613
286.801300
130.297974
130.777100
131.136810
131.437775
0.000000
0.000000
0.000000
0.000000
0.000000
385.877411
387.709351
0.000000
0.000000
0.000000
0.000000
0.000000
369.501465
365.459534
363.501495
371.243378
379.779541
383.962402
386.435333
388.494904
390.248230
391.547546
392.348755
392.733093
392.803070
392.715607
392.645660
392.610748
392.575775
392.505920
392.436035
392.296387
392.017426
391.686676
391.425903
391.286987
391.217560
391.078796
390.801544
390.420959
390.058380
389.748108
389.507141
389.318024
389.232117
389.283691
389.472778
389.730896
390.023895
390.317291
390.472809
390.541992
390.714996
391.148163
391.721436
392.296387
392.715607
392.960571
393.100677
393.258423
393.381195
393.293518
393.030609
392.855560
392.960571
393.153259
393.311035
393.416290
393.556732
393.820343
394.278046
394.825195
395.143616
395.196716
395.196716
395.320679
395.515686
395.693146
395.941833
396.279846
396.618378
396.886108
397.046906
397.172089
397.225739
396.993286
396.351044
395.391602
394.295685
393.100677
391.773621
390.300049
389.146271
389.060425
390.836182
394.560272
397.082672
395.710876
199.696609
201.337677
202.061859
201.798340
406.357971
404.253387
0.000000
1328.513306
1331.923828
1367.229858
0.000000
536.496399
532.319397
398.572021
393.961029
388.803162
387.300751
387.147766
385.725525
377.649323
369.315826
367.714508
370.510406
376.087311
384.481262
392.593231
397.029053
398.860382
399.275696
398.842377
397.834930
396.529266
395.409302
394.666199
394.419098
394.613220
395.037384
395.444763
395.675385
395.657623
395.427032
395.055115
394.507324
393.837921
393.170776
392.470978
391.721436
391.113495
390.853485
390.853485
390.853485
390.732300
390.438263
390.023895
389.610382
389.352417
389.318024
389.455566
389.644806
389.782562
389.937653
390.282776
390.888153
391.495422
391.895508
392.156860
392.505920
392.960571
393.363647
393.714844
393.961029
394.154694
394.242798
394.207581
393.996246
393.767609
393.662109
393.697266
393.802734
393.908264
393.978668
393.978668
393.978668
394.101868
394.242798
394.225189
393.978668
393.662109
393.381195
393.258423
393.468933
393.996246
394.577911
395.002014
395.232117
395.267548
395.090485
394.630859
393.890686
392.908051
391.878082
390.974792
390.334595
390.041107
389.937653
389.868713
389.885956
390.041107
390.351868
390.836182
391.443298
392.226624
393.240906
394.524963
396.208618
398.302032
400.435852
402.427338
404.531494
407.465607
411.649414
417.060730
423.244873
430.138977
438.609589
447.102936
452.261292
454.475220
455.366821
455.554993
455.343323
455.178802
455.131866
454.944061
454.686066
454.756378
454.990997
454.873657
454.241119
453.470428
452.795319
452.075836
451.243256
450.390656
449.678802
449.312256
449.243622
449.266510
449.289398
449.472565
449.701721
449.747589
449.610046
449.587128
449.678802
449.564178
448.969208
448.079681
447.239014
446.627502
446.130493
445.634613
444.847931
443.706604
442.326996
440.977966
439.900238
439.111816
438.565948
438.130249
437.630249
437.001434
436.374451
435.943085
435.835358
436.029266
436.482422
437.218079
438.173798
439.155548
439.966064
440.625458
441.132324
441.286835
441.022064
440.603485
440.339478
440.317505
440.339478
440.317505
440.515442
440.801636
440.779602
440.515442
440.361481
440.207611
439.922180
439.571411
439.374298
439.396210
439.418091
439.221161
438.762299
438.435150
438.500549
438.740479
438.805969
438.522339
437.912720
437.088074
436.050812
434.247437
431.211517
427.118652
423.001312
422.859344
432.416534
437.695404
437.218079
436.331268
435.749207
435.448029
435.190216
434.846924
434.397186
433.905640
433.393951
433.053467
433.053467
433.181091
433.053467
432.565002
431.971802
431.654663
431.844879
432.374146
432.947174
433.457855
433.948334
434.461365
434.997040
435.620087
436.244934
436.936493
437.760590
438.675018
439.418091
439.790558
439.922180
440.075836
440.163666
440.053894
439.746735
439.243011
438.500549
437.717133
437.153076
436.914856
436.828278
436.871552
436.958160
436.958160
436.936493
436.979797
437.001434
436.936493
436.893188
437.088074
437.478302
438.021454
438.784149
439.790558
441.000000
442.326996
443.661957
444.870392
445.814819
446.378876
446.604889
446.785858
447.239014
447.738464
447.693024
446.514465
444.019318
440.449432
436.460815
432.819702
430.076050
428.467346
428.529785
221.981735
223.948807
434.097870
437.109741
439.374298
440.009979
439.724792
439.461884
147.538513
437.760590
230.914230
233.012787
234.001907
0.000000
0.000000
221.452240
0.000000
0.000000
0.000000
0.000000
0.000000
0.000000
0.000000
0.000000
0.000000
0.000000
0.000000
0.000000
0.000000
0.000000
0.000000
0.000000
0.000000
0.000000
0.000000
0.000000
0.000000
406.920410
402.317200
398.770233
396.368866
394.984314
394.260437
393.679718
393.013092
392.209167
391.460663
391.026794
391.078796
391.547546
392.156860
392.768097
393.293518
393.451416
393.013092
392.087128
390.974792
389.851471
388.940338
388.289673
387.982239
387.811646
387.385803
386.825134
386.604706
386.740326
386.943939
387.096802
387.181732
387.164734
387.028839
386.842102
386.876038
387.334778
388.050507
388.820312
389.575989
390.317291
390.940125
391.304352
391.391174
391.304352
391.096130
390.818878
390.455536
389.920441
389.163422
388.289673
387.300751
385.995636
384.397491
382.912231
381.917389
381.207611
380.582520
380.188812
380.336365
381.009979
381.867767
382.613220
383.145111
383.595032
384.096161
384.799988
385.708679
386.740326
387.913971
389.043274
390.041107
391.113495
392.733093
394.789856
396.725464
398.355988
399.329926
399.040863
397.852844
396.564911
395.373840
394.330933
393.767609
394.031464
395.267548
398.284058
403.827667
408.882324
410.882324
413.793121
131.130966
831.134521
816.817932
215.253204
213.585175
211.841003
210.772842
0.000000
0.000000
0.000000
0.000000
0.000000
0.000000
0.000000
0.000000
0.000000
0.000000
0.000000
0.000000
0.000000
0.000000
0.000000
0.000000
0.000000
0.000000
0.000000
0.000000
0.000000
0.000000
0.000000
0.000000
0.000000
0.000000
0.000000
0.000000
0.000000
0.000000
0.000000
216.744904
0.000000
0.000000
0.000000
0.000000
0.000000
0.000000
0.000000
0.000000
0.000000
0.000000
0.000000
0.000000
0.000000
0.000000
0.000000
0.000000
0.000000
324.372040
325.954407
0.000000
0.000000
0.000000
0.000000
0.000000
0.000000
0.000000
0.000000
0.000000
0.000000
0.000000
0.000000
0.000000
0.000000
0.000000
0.000000
0.000000
0.000000
0.000000
0.000000
0.000000
0.000000
0.000000
0.000000
0.000000
0.000000
0.000000
0.000000
0.000000
0.000000
0.000000
820.846924
822.377625
282.384583
834.200378
835.069153
834.911011
836.415405
836.812134
832.311035
830.586670
829.961426
829.805237
321.991852
315.495789
314.808838
314.360046
315.902557
320.599060
325.185242
327.954193
329.768951
330.745850
330.572327
330.238159
331.093536
332.792511
333.850647
334.458313
335.756958
337.259125
338.073547
338.488678
339.009094
339.622620
340.185913
340.803711
341.489868
342.072601
342.351440
342.165497
341.450195
340.304047
339.230774
338.800781
338.996094
339.544189
340.277771
341.001373
341.542755
341.860474
342.046082
342.152222
342.311554
342.683960
343.297516
344.154846
345.164948
346.181030
347.189423
348.148743
348.920013
349.486877
349.805664
349.861145
349.680847
349.293091
348.699280
348.121246
347.709534
347.490356
347.435608
347.517731
347.641022
347.805511
347.970184
348.038818
348.080048
348.162476
348.162476
347.983917
347.736938
347.558807
347.517731
347.654724
347.887817
348.231201
348.740662
349.417633
350.069458
350.528595
350.807404
350.988892
351.142609
351.226501
351.310455
351.506470
351.744751
351.899139
351.927216
351.927216
351.857025
351.716705
351.520447
351.310455
351.114655
350.891144
350.667938
350.556458
350.528595
350.472870
350.291931
350.083344
349.875061
349.625397
349.251617
348.740662
348.272461
348.052551
348.162476
348.396271
348.533936
348.575256
348.589050
348.533936
348.368774
348.121246
347.819214
347.408203
346.943604
346.589142
346.303345
345.950195
345.502991
345.137939
345.002930
345.002930
344.975952
344.854553
344.706299
344.558167
344.437073
344.329498
344.302582
344.383301
344.410187
344.316040
344.181671
343.993774
343.752441
343.538208
343.457947
343.377747
343.270813
343.244110
343.284180
343.350983
343.431183
343.457947
343.350983
343.137238
342.923767
342.670685
342.351440
342.125702
342.112427
342.218597
342.285004
342.298309
342.271729
342.231873
342.205322
342.378021
342.790527
343.244110
343.444580
343.484711
343.618530
343.966919
344.450531
345.056915
345.719666
346.344147
346.834442
347.121094
347.162079
346.957245
346.698120
346.493805
346.316956
346.072357
345.787445
345.435303
344.948944
344.423645
343.980347
343.591736
343.230713
342.857147
342.457794
342.006317
341.503082
340.895905
340.225281
339.557281
339.217712
339.504974
340.527374
341.688293
342.165497
342.205322
342.218597
342.178772
342.032806
341.714783
341.159637
340.501099
339.923676
339.348236
338.462738
337.271973
335.936035
334.458313
333.018677
331.940857
331.043823
330.126862
329.522522
329.190460
328.675232
327.832275
327.005768
326.412811
326.002594
325.713654
325.665558
325.870087
326.183441
326.412811
326.557831
326.678772
326.775574
326.836151
326.824036
326.690857
326.436951
326.086945
325.713654
325.365234
325.113342
325.017517
325.029510
325.065430
325.113342
325.257202
325.533325
325.882141
326.219635
326.473206
326.533661
326.376556
326.123108
326.026703
326.062836
325.942352
325.701630
325.521301
325.329224
324.981598
324.551056
324.383972
324.515228
324.694458
324.742249
324.706390
324.682495
324.634705
324.455566
324.169373
323.883667
323.681610
323.669739
323.907471
324.312408
324.778137
325.305206
325.894196
326.509460
327.114929
327.673950
328.125000
328.467163
328.736511
328.993988
329.251892
329.448669
329.584106
329.805939
330.163971
330.411316
330.448456
330.299957
329.953979
329.497925
329.165863
329.006287
328.797760
328.479370
328.222687
328.051788
328.002991
328.173828
328.516083
328.846802
329.067657
329.104492
328.797760
328.442688
328.381561
328.393799
327.941986
327.454987
327.844482
328.797760
328.957184
328.100586
327.199890
326.775574
326.533661
325.761780
324.121704
322.074127
319.970978
317.711914
315.078766
312.621826
312.267639
317.654694
339.544189
0.000000
0.000000
354.245331
338.216125
331.441895
328.381561
327.382050
327.394226
327.613098
327.515808
327.102814
326.497406
325.894196
325.461243
325.281219
325.305206
325.425232
325.557343
325.569366
325.377197
325.029510
324.670532
324.503326
324.551056
324.658600
324.766205
324.897766
325.077393
325.245239
325.281219
325.209259
325.185242
325.269196
325.389221
325.509308
325.617462
325.713654
325.773804
325.846039
325.870087
325.858032
325.966461
326.219635
326.364471
326.171356
325.809906
325.521301
325.365234
325.293213
325.293213
325.293213
325.257202
325.197266
325.245239
325.425232
325.761780
326.255829
326.945190
327.686127
328.344879
328.834534
329.153625
329.276520
329.264191
329.227325
329.190460
329.079926
328.871307
328.687500
328.528320
328.357117
328.161652
327.917603
327.588776
327.199890
326.787720
326.521545
326.618256
327.066437
327.613098
328.088409
328.467163
328.760986
328.981720
329.030823
328.699738
328.002991
327.212036
326.352386
325.281219
323.990723
322.710480
321.557465
320.517487
319.172028
317.106506
314.292847
310.990448
307.574280
304.421356
300.818542
295.655670
289.759857
284.727386
280.775482
277.471924
274.364624
271.677185
270.992706
272.390381
274.484192
276.844849
279.680389
282.819214
285.797607
288.470978
290.619141
292.130371
293.188843
294.000000
294.776245
295.665588
296.580261
297.169830
297.360199
297.169830
296.699982
296.152039
295.774628
295.596222
295.467468
295.299316
295.121490
294.993164
294.845245
294.510468
293.960785
293.462006
293.208344
293.071930
292.838409
292.498505
292.130371
291.685944
291.175598
290.753235
290.475586
290.293915
290.207977
290.207977
290.265259
290.456421
290.829956
291.262115
291.628082
292.014282
292.498505
293.013519
293.501038
293.902039
294.245209
294.510468
294.795959
295.200470
295.675507
295.943359
295.873871
295.685394
295.616058
295.586334
295.338898
294.746704
293.902039
292.770355
291.281372
289.598114
288.037628
288.094086
292.750916
295.408112
295.437775
295.734985
296.959686
297.972961
298.578217
298.134125
0.000000
0.000000
0.000000
0.000000
295.556580
0.000000
0.000000
0.000000
0.000000
0.000000
0.000000
0.000000
0.000000
0.000000
468.028656
468.501038
0.000000
0.000000
0.000000
0.000000
0.000000
0.000000
0.000000
0.000000
0.000000
0.000000
0.000000
0.000000
0.000000
0.000000
0.000000
0.000000
0.000000
0.000000
302.106506
299.287384
294.943817
290.906677
288.442657
287.614960
287.736938
287.774475
287.464966
287.156128
287.137390
287.455597
287.887207
288.338959
288.858337
289.303650
289.626648
289.940826
290.341705
290.829956
291.377594
291.985291
292.624664
293.227814
293.784546
294.294281
294.835358
295.378418
295.725067
295.734985
295.586334
295.447693
295.358643
295.309204
295.141205
294.687622
294.068634
293.755219
293.716064
293.647644
293.364380
293.013519
292.789825
292.721771
292.721771
292.721771
292.576141
292.004639
291.050690
290.207977
289.883636
289.807465
289.598114
289.189819
288.725922
288.423828
288.470978
288.678680
288.744843
288.820496
289.189819
289.683716
290.198395
290.734100
291.146759
291.310242
291.367981
291.262115
290.868317
290.379944
290.102966
290.074341
290.150665
290.112518
289.921753
289.721771
289.569580
289.417542
289.379578
289.636169
290.313019
291.512421
293.013519
293.032990
288.659821
281.357666
275.203613
270.146118
549.464233
560.498230
572.727295
571.836060
563.650330
553.707092
556.361572
562.535889
277.751556
277.734039
278.567383
0.000000
727.002991
712.669739
713.073059
719.119446
241.491653
243.337204
244.653397
245.204330
245.388535
245.661926
246.155563
246.775406
247.523376
248.688889
250.454330
252.346085
253.827545
254.987000
255.956360
256.663971
257.120361
257.525787
258.113617
258.970001
259.969940
260.962189
261.938690
262.875549
263.763885
264.578857
265.024048
264.960327
264.578857
264.079773
263.511688
262.891205
262.234650
261.596863
261.147644
260.962189
260.800140
260.338257
259.610291
258.954773
258.529724
258.166504
257.819336
257.676239
257.804291
258.113617
258.506989
258.909180
259.244019
259.480438
259.694366
259.962280
260.384369
260.915863
261.395294
261.736603
262.125519
262.703278
263.260010
263.803314
264.523285
265.279114
265.726685
265.927002
266.023224
265.886902
265.959045
267.727051
270.734863
272.457672
271.811157
268.664886
265.047943
262.875549
261.775452
260.299835
0.000000
0.000000
833.175903
825.224548
819.169678
0.000000
155.687347
155.962646
0.000000
0.000000
0.000000
0.000000
258.939575
259.213531
0.000000
0.000000
0.000000
0.000000
0.000000
0.000000
0.000000
0.000000
0.000000
0.000000
0.000000
167.314804
167.722061
318.216248
319.762177
0.000000
0.000000
0.000000
0.000000
0.000000
0.000000
0.000000
0.000000
0.000000
563.326355
566.110413
566.146790
0.000000
162.724609
0.000000
849.056641
847.018188
849.629150
853.989136
857.809753
859.146729
858.812073
857.309509
0.000000
0.000000
0.000000
0.000000
0.000000
347.504028
123.728699
571.169556
0.000000
0.000000
891.719788
893.255005
125.657143
124.957489
0.000000
0.000000
845.232422
843.534851
841.201721
836.494751
833.727173
842.165588
848.076904
852.256287
858.644836
869.051147
0.000000
0.000000
843.131653
830.899658
823.221985
819.931213
816.213257
813.728210
814.554871
1621.621582
823.914124
833.097229
840.000000
847.913879
860.152100
874.652954
890.549255
906.940857
898.075562
0.000000
0.000000
0.000000
0.000000
821.076172
823.837097
0.000000
0.000000
0.000000
0.000000
0.000000
0.000000
0.000000
0.000000
0.000000
0.000000
0.000000
0.000000
0.000000
0.000000
0.000000
0.000000
349.888916
351.969360
353.833191
356.363647
359.589050
363.351715
367.301025
370.946716
374.252136
377.342377
380.205200
382.928833
385.911163
389.111938
392.104553
394.948975
397.709320
399.963715
401.383484
401.987152
402.005493
401.657654
401.109650
400.508575
400.199646
400.472198
401.109650
401.712524
402.005493
401.932190
401.456543
400.635956
399.800537
399.095032
398.626068
398.499969
398.698120
398.896484
398.842377
398.590027
398.355988
398.355988
398.590027
398.806274
398.842377
398.698120
398.427979
397.816986
396.850403
396.886108
397.601776
398.068359
398.445984
398.716156
398.914520
399.185333
399.402252
399.709961
400.145172
400.363129
399.782440
398.158173
396.386688
196.896973
901.748291
942.509094
948.795166
944.325439
944.123352
144.188324
125.589149
126.524178
128.687729
129.983047
996.835510
987.239807
952.278198
929.987366
931.558960
960.470520
230.823593
227.965881
910.216675
895.522400
903.688538
905.916199
890.909119
866.915710
846.936829
825.610779
821.382019
915.507629
970.083618
989.343811
1003.298889
1021.897827
1052.003906
1082.739990
1092.395386
1088.217163
1076.134766
1058.061401
1020.006897
987.129272
968.060608
953.204407
937.699341
921.630127
910.686646
948.591125
996.272461
0.000000
145.338303
517.879150
515.186951
513.477295
511.987000
511.096985
0.000000
511.245056
510.209991
511.067322
0.000000
0.000000
0.000000
0.000000
502.821960
425.675690
423.102783
420.260162
419.082031
419.780121
422.737732
427.429108
431.274780
432.862213
432.819702
432.119934
431.211517
430.222931
429.071808
427.346283
425.101227
422.818787
421.243652
420.901917
421.949005
423.244873
422.757996
418.962555
409.318726
396.796844
386.435333
376.328033
366.142212
364.221985
370.292633
385.759277
408.958130
417.752075
210.466034
421.183319
419.161682
416.410950
414.084503
414.746552
416.587952
417.870850
418.525177
418.962555
419.082031
418.525177
417.811462
208.782104
207.671127
413.211517
410.538086
410.576324
412.284393
414.026184
0.000000
0.000000
0.000000
0.000000
414.824585
412.670197
405.591858
0.000000
0.000000
0.000000
0.000000
0.000000
0.000000
0.000000
0.000000
252.021606
252.830719
0.000000
373.175354
363.067566
358.580322
356.320435
354.872467
353.889984
353.153168
352.461639
351.604523
350.584290
349.722443
349.306946
349.237762
349.293091
349.223938
348.768250
347.805511
346.507446
345.191986
343.940094
342.870483
342.019531
341.463440
341.304840
341.569214
342.165497
342.790527
343.230713
343.551575
343.899872
344.342957
344.868042
345.557129
346.548279
347.736938
348.630371
349.016663
349.030487
348.809631
348.354980
347.682129
346.943604
346.412170
346.004456
345.557129
345.056915
344.679352
344.437073
344.262268
344.114563
343.886444
343.538208
343.110565
342.777191
342.670685
342.870483
343.377747
344.154846
345.043427
345.828125
346.575500
347.285126
347.778076
347.983917
347.983917
347.654724
346.752625
345.151459
342.763855
339.531128
336.281830
337.956909
347.189423
350.556458
349.888916
348.837219
347.353485
345.828125
345.218994
346.493805
171.501892
116.017525
116.219322
116.731514
0.000000
348.892395
0.000000
0.000000
0.000000
0.000000
0.000000
0.000000
0.000000
0.000000
0.000000
0.000000
0.000000
0.000000
396.796844
386.046295
376.842560
367.041199
361.786804
359.706360
359.149780
359.003601
358.784515
358.347198
357.765778
357.186249
356.623016
356.018433
355.487488
355.143951
354.915314
354.644165
354.259552
353.776428
353.082458
352.081757
350.835327
349.680847
348.837219
348.176239
347.517731
346.834442
346.262573
345.787445
345.259552
344.638947
344.020599
343.538208
343.377747
343.765839
344.558167
345.246002
345.489441
345.448853
345.367676
345.313599
345.246002
345.205475
345.313599
345.475922
345.462372
345.232513
345.070435
345.097412
345.232513
345.381226
345.502991
345.557129
345.557129
345.584198
345.543579
345.137939
344.504364
344.020599
343.792664
343.645294
343.484711
343.417847
343.244110
342.617432
341.582458
340.501099
339.531128
338.761719
338.293945
338.280975
338.592651
338.957001
339.113403
338.397797
336.628357
335.884857
335.833679
335.488800
334.940979
336.898407
338.060577
337.775757
336.602692
336.153656
336.294678
336.063995
335.552582
334.648651
332.566650
329.547180
327.467133
326.969421
327.345612
328.100586
328.834534
329.424072
330.139252
331.031372
331.728607
331.716156
331.093536
330.250488
329.547180
329.178162
328.883606
328.626282
328.503876
328.491608
328.442688
328.259338
327.917603
327.564423
327.345612
327.199890
327.017914
326.811920
326.666656
326.509460
326.183441
325.689606
325.017517
324.193207
323.491669
323.100586
323.065063
323.396759
323.978851
324.766205
325.797882
326.908844
327.722656
328.198273
328.614014
329.153625
329.818298
330.337067
330.522766
330.448456
330.225769
329.916962
329.547180
329.153625
328.760986
328.406006
328.002991
327.479309
326.799835
326.111084
325.437256
324.706390
323.859894
323.112427
322.568848
322.368408
322.710480
323.384918
324.598846
326.908844
328.454926
328.785492
328.418243
327.771393
329.682648
333.282959
336.435760
2671.917725
2643.092773
2628.128906
2638.349121
2655.826660
2672.727295
2680.851318
2657.427002
2630.480225
0.000000
0.000000
0.000000
0.000000
0.000000
2491.525635
2523.605469
2562.463867
2594.881104
2603.305908
2592.592529
2582.723389
2561.719482
2523.605469
2524.327637
2588.028320
2653.429688
2670.299805
2643.885254
2607.153564
2588.028320
2570.679199
2559.489258
2572.928955
2584.994141
2579.701660
2595.644775
2651.037354
0.000000
354.815338
345.164948
340.448517
338.501678
337.336517
336.525635
335.744171
334.877350
333.875885
332.679535
331.180511
329.645691
328.088409
326.654572
325.569366
324.742249
323.812317
322.639648
321.288086
320.052277
319.137390
318.515045
317.918030
317.311859
316.946960
316.867249
316.958374
317.140717
317.391785
317.643280
317.906586
318.216248
318.607117
319.195129
320.110321
321.252960
322.498077
323.717255
324.778137
325.413208
325.665558
325.689606
325.653534
325.581390
325.545349
325.689606
326.111084
326.727142
327.248444
327.406372
327.102814
326.424866
325.617462
324.969604
324.718353
324.861877
325.305206
326.002594
326.763519
327.321320
327.552277
327.710510
328.002991
328.222687
328.076172
327.552277
326.775574
325.797882
324.515228
322.911346
321.171082
319.785370
319.287598
319.704224
320.529114
321.147705
321.182800
320.692291
319.495758
317.563202
315.202637
312.888031
312.024597
314.752686
328.161652
337.672272
338.904907
1442.826782
1425.569824
1399.111694
0.000000
1196.094360
185.453857
186.714081
1444.480957
169.036774
169.765564
214.629868
214.812836
360.706696
266.586060
266.586060
266.682770
266.215942
266.296326
268.656738
274.066254
278.637756
280.204590
280.115601
279.822327
279.955566
280.213501
280.462982
280.909607
281.609192
282.393646
283.209717
283.875122
284.305176
284.617126
285.003387
285.436890
285.742035
285.825409
285.668030
285.298401
284.736572
284.122040
283.601288
283.355286
283.482788
283.920807
284.552856
285.252258
286.057159
287.043976
287.953003
288.574799
288.924561
289.256195
289.569580
289.607635
289.351074
289.142395
289.218262
289.598114
290.083893
290.504272
290.782013
290.858734
290.734100
290.542542
290.389465
290.284363
290.284363
290.332123
290.427734
290.724487
291.137146
291.310242
291.165985
290.897095
290.542542
290.217499
290.131592
290.217499
290.179291
289.969421
289.750336
289.693237
289.912231
290.284363
290.542542
290.810760
291.348724
292.052979
292.682922
293.237579
293.764984
294.264832
294.805817
295.635864
296.779846
297.832123
298.618652
299.378845
300.245087
301.054718
301.786072
302.572906
302.905426
301.188354
294.884644
289.170837
285.732819
284.085419
289.769348
290.169769
0.000000
0.000000
0.000000
0.000000
0.000000
0.000000
0.000000
0.000000
0.000000
0.000000
0.000000
0.000000
0.000000
0.000000
0.000000
0.000000
0.000000
0.000000
0.000000
0.000000
2500.000000
2454.773438
0.000000
0.000000
0.000000
0.000000
0.000000
2635.195801
2639.928223
0.000000
0.000000
0.000000
0.000000
0.000000
0.000000
0.000000
0.000000
0.000000
0.000000
0.000000
0.000000
0.000000
0.000000
0.000000
0.000000
0.000000
0.000000
0.000000
0.000000
0.000000
777.366455
775.589172
777.229492
0.000000
0.000000
0.000000
0.000000
0.000000
0.000000
0.000000
0.000000
0.000000
0.000000
0.000000
0.000000
0.000000
0.000000
0.000000
0.000000
0.000000
0.000000
0.000000
0.000000
0.000000
0.000000
0.000000
0.000000
0.000000
0.000000
0.000000
0.000000
0.000000
0.000000
0.000000
0.000000
0.000000
0.000000
689.978882
677.055298
669.958252
667.070007
0.000000
0.000000
0.000000
0.000000
0.000000
0.000000
0.000000
0.000000
0.000000
0.000000
0.000000
0.000000
0.000000
0.000000
0.000000
0.000000
0.000000
0.000000
0.000000
0.000000
0.000000
0.000000
0.000000
0.000000
0.000000
0.000000
416.627319
402.574280
399.782440
399.203400
399.601288
400.982025
403.052582
404.809967
405.647797
405.703796
405.349518
404.698547
403.735260
402.280487
400.036285
396.975433
393.714844
392.348755
396.173004
403.439758
408.390045
410.786652
411.860870
412.592957
413.754272
415.959259
855.397156
856.144470
847.913879
842.085205
847.587952
856.809814
318.607117
318.975800
318.285187
902.578796
896.432556
886.610413
431.950623
217.509247
216.033508
214.395111
212.632599
210.964417
416.076996
414.240082
414.298462
414.766052
414.824585
413.851349
412.111023
410.251617
408.541382
407.089447
405.759766
404.809967
404.253387
404.086670
404.123718
404.123718
403.809174
403.495148
404.142212
405.442688
406.432892
407.522064
409.451721
412.284393
415.547699
418.287018
419.720184
421.364441
424.160797
425.819519
425.060242
426.416565
436.849945
438.915161
442.704407
460.598450
469.148926
0.000000
152.452728
0.000000
0.000000
0.000000
0.000000
0.000000
0.000000
0.000000
0.000000
0.000000
0.000000
0.000000
0.000000
0.000000
0.000000
0.000000
0.000000
726.883179
0.000000
0.000000
0.000000
0.000000
0.000000
0.000000
189.579575
189.897949
488.886414
486.566986
242.420914
242.955124
954.752136
954.029236
946.351990
918.080566
885.631104
878.136169
881.294922
876.652405
858.812073
841.683350
829.337097
824.376099
546.603882
232.766800
232.815964
232.190811
230.431595
453.703705
449.380951
444.623688
440.515442
437.326477
434.696899
432.310547
429.845490
427.056610
424.303650
422.211609
421.243652
421.827942
424.507874
428.738098
431.971802
433.287476
433.415222
432.692322
430.979736
428.321686
425.285706
422.494751
420.661041
421.143127
424.732727
428.425720
429.992218
430.600983
431.169342
432.098785
433.948334
436.288086
438.326202
440.009979
439.856354
215.211197
214.886093
881.294922
423.692169
0.000000
0.000000
0.000000
0.000000
0.000000
0.000000
0.000000
0.000000
0.000000
0.000000
0.000000
0.000000
0.000000
0.000000
0.000000
0.000000
0.000000
0.000000
0.000000
0.000000
0.000000
0.000000
0.000000
0.000000
0.000000
0.000000
0.000000
0.000000
0.000000
389.266479
385.624329
379.159149
0.000000
911.816406
913.610901
277.088379
276.428375
861.917297
840.480286
839.360474
845.475464
846.449158
375.943054
368.021362
365.656494
366.248657
367.423462
368.344116
368.975922
369.439545
369.919891
370.712860
371.665771
372.010620
371.603119
370.853119
370.044037
369.253967
368.605804
368.313354
368.405670
368.790771
369.300323
369.718323
369.733795
369.253967
368.390289
367.484711
366.995392
367.041199
367.408142
367.837189
368.359497
369.192139
370.013000
369.795837
367.975311
365.368683
363.306824
361.979797
360.898560
359.941254
359.105896
358.201691
357.027222
355.731232
354.629913
353.620392
352.602539
352.011505
351.814911
351.562500
351.128632
350.626099
350.152832
349.680847
349.182465
348.809631
348.754456
349.030487
349.556122
350.138947
350.542511
350.653992
350.528595
350.305817
349.875061
348.782013
347.066467
345.543579
344.356384
343.217346
342.404602
342.378021
342.803833
343.350983
343.940094
344.692810
345.543579
346.153839
346.330536
346.439392
346.970886
347.860382
349.251617
351.520447
354.003632
356.234100
358.755341
361.534698
364.026581
365.990295
367.484711
369.053101
370.619385
371.618774
371.900818
371.869476
371.556152
370.946716
370.354828
369.904388
369.130310
367.975311
367.285736
367.148163
366.873260
365.701965
363.756348
361.757111
360.058807
358.726166
357.707764
356.983856
356.493256
356.219727
356.219727
356.392456
356.464478
356.320435
356.248474
356.320435
356.219727
355.659515
354.786804
354.159973
353.904175
353.521179
352.377136
350.570374
349.265442
348.782013
348.410034
347.039154
343.297516
340.317139
338.397797
337.336517
337.465576
338.891876
340.330292
341.159637
342.817169
344.746735
346.045197
347.093781
348.121246
349.777924
352.152039
354.715485
357.085022
358.799133
360.029388
360.913330
361.253326
361.120209
360.928101
360.987183
361.668121
363.516449
366.127045
368.282593
369.485992
369.873352
370.028534
371.305908
374.904358
376.858673
375.991119
372.655060
368.790771
0.000000
0.000000
0.000000
0.000000
0.000000
369.919891
369.284882
372.419037
373.586365
371.446625
367.806488
361.742279
347.764374
333.825378
208.269379
442.837769
431.527954
429.992218
431.591309
0.000000
0.000000
0.000000
480.182953
478.619507
480.339844
122.399696
512.910034
545.319702
556.958801
564.552307
286.577637
292.469391
303.666718
311.111115
313.700378
314.741455
315.913879
317.506012
319.391632
321.463715
323.800446
326.739258
330.126862
333.157074
336.038391
338.657654
340.067871
340.356598
340.290894
340.120300
339.818939
339.609589
339.727295
340.212158
340.751038
340.988159
340.922272
340.751038
340.382843
339.766571
338.983063
338.151306
337.310669
336.551300
335.936035
335.348450
334.648651
333.800079
332.930664
332.115814
331.404541
330.745850
330.065125
329.387177
328.944916
329.129028
330.028076
331.267609
332.516479
333.610718
334.432922
334.915497
335.080933
334.890076
334.597870
334.521729
334.597870
334.585205
334.382233
334.116211
333.762177
333.257751
332.604279
331.903381
331.192963
330.597076
330.163971
329.781250
329.424072
329.202759
329.202759
329.276520
329.387177
329.658020
330.089813
330.535156
330.944427
331.230286
331.267609
331.093536
330.820312
330.398926
329.805939
329.092194
328.198273
327.078552
325.761780
324.383972
323.005920
321.580933
320.005798
318.170349
316.299072
316.696594
331.516663
342.937134
341.953247
340.067871
338.358826
336.885529
335.756958
334.966400
334.268188
333.610718
332.867859
332.028320
331.155670
330.436066
329.781250
329.055359
328.308228
327.673950
327.296997
327.187744
327.272736
327.442841
327.540100
327.479309
327.309174
327.175629
327.175629
327.309174
327.369934
327.212036
326.969421
326.787720
326.690857
326.751404
326.872498
326.920929
326.836151
326.666656
326.497406
326.400696
326.388611
326.485291
326.727142
327.114929
327.576599
328.088409
328.552795
328.883606
329.104492
329.301086
329.337952
329.055359
328.565033
328.002991
327.406372
326.606201
325.509308
324.145538
322.781342
321.416840
319.947784
319.276031
320.867279
321.487152
320.785583
321.768646
324.574982
324.563019
315.597382
0.000000
0.000000
0.000000
0.000000
0.000000
0.000000
0.000000
0.000000
0.000000
0.000000
0.000000
0.000000
0.000000
0.000000
0.000000
0.000000
0.000000
0.000000
0.000000
0.000000
0.000000
0.000000
0.000000
0.000000
0.000000
0.000000
0.000000
0.000000
0.000000
0.000000
0.000000
0.000000
0.000000
648.863403
643.044617
323.859894
300.695465
289.408051
285.677277
285.077087
285.538544
285.742035
284.516144
281.771149
279.920013
279.715851
280.133392
280.605743
281.043884
281.456421
281.870178
282.357452
282.955322
283.583069
284.167786
284.644684
284.994171
285.279938
285.446136
285.399933
285.279938
285.279938
285.446136
285.714264
286.047882
286.400848
286.736023
287.053314
287.305786
287.464966
287.483704
287.296417
286.913239
286.549713
286.475250
286.652161
286.773315
286.708069
286.568329
286.382233
286.159241
285.927307
285.742035
285.547791
285.353790
285.270721
285.446136
285.973663
286.875916
287.990601
288.943481
289.341614
289.123444
288.508728
287.718170
286.885254
286.233551
286.020050
286.224243
286.456635
286.614868
286.959930
287.352570
287.586823
287.539948
287.128082
286.512482
286.094269
286.149933
286.885254
288.150543
289.170837
289.408051
288.943481
287.821442
286.586945
286.140686
286.233551
0.000000
0.000000
0.000000
0.000000
0.000000
0.000000
0.000000
0.000000
0.000000
0.000000
0.000000
0.000000
0.000000
0.000000
0.000000
0.000000
0.000000
0.000000
0.000000
0.000000
0.000000
0.000000
0.000000
0.000000
0.000000
0.000000
0.000000
0.000000
316.776215
315.766846
317.506012
0.000000
0.000000
0.000000
661.913696
659.537903
0.000000
0.000000
0.000000
0.000000
0.000000
0.000000
0.000000
0.000000
0.000000
835.860535
0.000000
0.000000
0.000000
0.000000
0.000000
0.000000
0.000000
0.000000
340.501099
338.957001
0.000000
0.000000
0.000000
0.000000
340.290894
340.777374
340.698395
0.000000
0.000000
0.000000
0.000000
0.000000
0.000000
0.000000
0.000000
0.000000
0.000000
0.000000
0.000000
0.000000
0.000000
0.000000
238.018143
0.000000
0.000000
0.000000
0.000000
0.000000
0.000000
0.000000
0.000000
0.000000
0.000000
0.000000
0.000000
0.000000
0.000000
0.000000
0.000000
0.000000
0.000000
0.000000
0.000000
0.000000
0.000000
0.000000
0.000000
0.000000
0.000000
0.000000
0.000000
0.000000
0.000000
0.000000
0.000000
0.000000
0.000000
0.000000
0.000000
0.000000
0.000000
0.000000
0.000000
0.000000
0.000000
0.000000
0.000000
503.568390
0.000000
0.000000
0.000000
0.000000
934.718079
925.401367
918.463013
912.476746
0.000000
0.000000
233.524841
238.688034
244.524521
243.256668
240.320419
237.268982
235.112228
234.070221
234.064011
235.105957
236.867554
238.655731
240.150299
241.425568
242.694412
244.044159
245.320282
246.582230
248.115219
249.907913
251.518509
252.852463
254.127411
255.304367
256.045532
256.328278
256.455017
256.768555
257.285370
257.691315
257.796753
257.826904
257.955078
258.264771
258.795227
259.442291
259.977600
260.392059
260.815552
261.047150
261.016235
260.931305
260.854126
260.669128
260.384369
260.138641
260.008240
260.000580
260.223053
260.777008
261.410797
261.876495
262.226837
262.601593
263.008789
263.283569
263.385803
263.448730
263.558960
263.685028
263.716553
263.748077
263.898041
264.135132
264.293427
264.309265
264.309265
264.348877
264.317169
264.000732
263.346466
262.632904
262.398468
262.578156
262.859863
263.071564
263.142212
262.977448
262.507812
261.853180
261.116699
260.353638
259.648499
259.274506
259.259247
259.320251
259.442291
259.648499
259.870361
260.192322
260.407440
260.545929
260.946747
261.441803
261.721069
262.071014
262.750244
263.614105
264.833038
266.489410
268.240021
270.510681
253.513840
248.108246
246.547775
0.000000
0.000000
0.000000
0.000000
0.000000
0.000000
0.000000
0.000000
490.163391
498.023712
507.625885
519.159485
536.333252
0.000000
0.000000
501.649445
495.310852
0.000000
0.000000
0.000000
783.791016
0.000000
247.815460
247.996628
251.239105
266.175781
269.584595
268.697632
266.497467
263.614105
260.607483
257.616028
255.274811
254.032242
253.491974
253.368195
253.594025
254.083481
254.721878
255.578094
256.469910
257.187836
257.759094
258.400970
259.106934
259.786163
260.522827
261.534821
262.601593
263.267883
263.519562
263.708679
263.669250
263.079407
262.156708
261.240448
260.392059
259.747925
259.388885
259.084106
258.666199
258.310150
258.226959
258.355560
258.469116
258.446411
258.272339
257.985260
257.721405
257.661194
257.902283
258.476685
259.304993
260.130951
260.707642
261.008545
261.232697
261.534821
261.822083
261.853180
261.565826
261.232697
261.000793
260.769287
260.507416
260.453583
260.638306
260.861847
261.047150
261.224976
261.480530
261.837616
262.195679
262.148895
261.209503
260.838715
262.718933
264.071869
267.345642
270.684998
272.550293
274.381683
276.385071
277.699066
278.946198
432.480133
441.662506
443.037964
440.735565
435.921509
403.550507
396.903961
987.792603
966.046021
946.758301
936.405090
930.085388
922.980347
908.154907
881.471130
859.565369
403.236877
372.859863
364.237061
365.066254
368.205750
371.900818
375.207397
377.908234
379.828583
380.812561
381.257019
381.537415
381.686005
381.520905
381.207611
381.438416
382.314697
383.011993
383.111816
382.945496
382.928833
383.394897
383.928955
383.711823
383.211670
383.461609
384.146362
384.363953
384.163086
384.163086
384.531555
384.783173
384.816772
385.119202
385.793030
386.215363
386.367615
386.604706
386.672516
386.198425
385.674927
385.725525
386.232269
387.096802
388.221313
389.163422
389.627594
389.558746
389.094757
388.563354
388.306763
388.289673
388.375153
388.580505
389.026123
389.610382
390.110138
390.541992
391.113495
391.651855
391.825836
391.582306
390.992096
390.230957
389.610382
389.403961
389.593170
390.127380
390.940125
391.825836
392.715607
393.609436
394.330933
394.860565
395.037384
394.436737
392.943085
391.321716
390.507385
390.593872
390.386414
387.982239
386.469208
387.453888
391.825836
393.943451
391.373810
190.385742
383.228333
381.900848
374.236267
0.000000
0.000000
0.000000
0.000000
423.956940
501.563873
514.615784
0.000000
760.869568
381.141693
380.944153
380.664642
379.273254
379.077667
379.926788
381.355927
384.112885
389.283691
395.427032
398.698120
399.185333
398.427979
397.565948
397.011169
396.404480
395.515686
394.348572
393.135712
391.947754
390.818878
389.920441
389.403961
389.197784
389.352417
389.765350
390.265472
390.836182
391.547546
392.122009
392.244049
392.052277
391.912903
391.982574
392.052277
392.122009
392.418579
393.048126
393.697266
393.873108
393.521606
392.960571
392.523376
392.296387
392.000000
391.443298
390.870819
390.801544
391.721436
393.135712
394.207581
394.754517
395.037384
395.232117
395.391602
395.285248
394.507324
393.205841
392.174316
391.773621
391.808441
391.878082
391.808441
391.651855
391.425903
391.026794
390.438263
389.851471
389.300842
388.888885
388.923187
389.318024
389.662018
389.799774
389.885956
389.885956
389.868713
389.954926
389.851471
389.455566
389.318024
389.885956
390.957458
391.982574
392.698120
392.943085
392.768097
392.348755
391.947754
391.669250
391.564941
391.843262
392.593231
393.627014
394.648529
395.409302
396.155243
397.333099
399.239532
401.511353
403.957123
406.620239
409.718018
413.250275
416.922699
420.300232
423.448090
427.263489
432.225830
436.288086
438.043243
438.435150
438.239105
437.586823
436.698517
435.835358
435.190216
434.804016
434.589813
434.418549
434.311584
434.311584
434.268829
434.161957
434.183319
434.546967
435.211670
435.835358
436.223358
436.331268
436.288086
436.309692
436.504028
436.871552
437.283112
437.565125
437.521698
437.304779
437.044739
436.785034
436.439209
436.072388
435.921509
436.093933
436.482422
436.893188
437.261444
437.521698
437.608521
437.456604
437.066406
436.547241
436.115509
435.856873
435.899963
436.201782
436.460815
436.417603
436.158630
435.964600
436.029266
436.374451
436.871552
437.369812
437.695404
437.673676
437.413208
437.196411
437.088074
436.979797
436.741760
436.504028
436.266510
435.986145
435.555542
434.954132
434.204681
433.436523
432.756012
432.246979
432.035278
432.119934
432.395355
432.777222
433.223633
433.734955
434.247437
434.654053
434.825500
434.761200
434.632660
434.739746
435.276123
436.223358
437.109741
437.521698
437.326477
436.482422
434.846924
432.035278
427.284180
421.364441
420.059998
427.077271
436.525604
439.243011
438.936981
438.260864
437.673676
437.088074
436.525604
436.158630
435.986145
436.050812
436.244934
436.352844
436.417603
436.547241
436.785034
437.153076
437.500031
437.717133
437.586823
437.196411
436.893188
436.893188
437.109741
437.369812
437.500031
437.283112
436.698517
435.986145
435.426544
435.190216
435.211670
435.426544
435.555542
435.598572
435.792297
436.309692
436.849945
437.196411
437.348145
437.586823
437.956207
438.348022
438.587769
438.696838
438.609589
438.282623
437.956207
437.912720
438.326202
439.089966
439.922180
440.493439
440.691528
440.691528
440.471436
439.680939
438.108490
435.770752
432.756012
429.280670
426.169312
423.793976
421.626282
419.520538
418.207703
418.525177
421.444946
427.947571
433.670959
435.082855
435.297607
435.233185
217.648804
219.228470
217.836945
0.000000
0.000000
0.000000
0.000000
0.000000
0.000000
0.000000
0.000000
0.000000
0.000000
0.000000
0.000000
0.000000
0.000000
0.000000
0.000000
0.000000
0.000000
0.000000
0.000000
0.000000
0.000000
0.000000
0.000000
0.000000
0.000000
0.000000
0.000000
0.000000
0.000000
0.000000
0.000000
0.000000
0.000000
412.207306
397.261505
390.541992
387.504944
386.164642
385.793030
385.978729
386.469208
387.096802
387.726410
388.358063
388.957489
389.249298
389.008972
388.409363
387.931030
387.726410
387.641205
387.590088
387.590088
387.624176
387.573059
387.351776
386.994873
386.621643
386.283020
385.911163
385.540070
385.337921
385.388458
385.590607
385.877411
386.333771
386.977905
387.590088
387.999298
388.340973
388.648987
388.854614
388.786041
388.443573
387.948120
387.385803
386.859100
386.418396
386.012512
385.523224
384.967926
384.414215
383.945679
383.595032
383.411591
383.461609
383.962402
384.816772
385.759277
386.706421
387.794586
389.008972
389.972137
390.058380
389.335236
388.614746
388.272583
387.948120
387.539001
387.334778
387.624176
388.426483
389.817047
391.791046
393.855499
395.462494
396.921814
398.716156
398.463989
394.489655
390.697662
193.018921
192.639511
96.773132
0.000000
0.000000
0.000000
0.000000
0.000000
0.000000
0.000000
0.000000
0.000000
0.000000
0.000000
0.000000
0.000000
0.000000
0.000000
0.000000
0.000000
913.705566
910.592590
894.886414
880.942871
869.051147
864.282166
895.613342
978.586487
1050.125000
0.000000
0.000000
0.000000
0.000000
0.000000
0.000000
0.000000
0.000000
0.000000
0.000000
0.000000
0.000000
0.000000
0.000000
0.000000
0.000000
0.000000
0.000000
0.000000
0.000000
0.000000
0.000000
0.000000
0.000000
0.000000
0.000000
0.000000
380.172424
398.445984
392.244049
0.000000
0.000000
376.810364
0.000000
0.000000
0.000000
0.000000
0.000000
0.000000
0.000000
0.000000
0.000000
0.000000
0.000000
0.000000
0.000000
0.000000
0.000000
0.000000
0.000000
0.000000
0.000000
0.000000
0.000000
0.000000
0.000000
0.000000
0.000000
0.000000
0.000000
0.000000
0.000000
0.000000
0.000000
0.000000
0.000000
0.000000
0.000000
0.000000
0.000000
0.000000
0.000000
0.000000
0.000000
0.000000
775.112061
354.815338
348.933807
360.529755
768.025085
777.914978
791.386292
798.190063
800.362976
817.423584
844.665771
858.561340
865.299683
882.617859
900.919373
154.921661
153.846161
153.634445
153.950882
154.560577
320.052277
326.920929
330.535156
332.529053
333.762177
334.166840
333.837982
333.194824
332.717194
332.478882
332.416260
332.666992
333.345947
334.306213
335.284729
336.102417
336.705475
337.104431
337.439728
337.749878
337.827515
337.568878
337.233307
337.155945
337.297821
337.478455
337.620605
337.866333
338.345886
339.022125
339.871277
340.737885
341.503082
342.072601
342.444489
342.657349
342.803833
342.977142
343.217346
343.471313
343.685455
343.779236
343.779236
343.658691
343.377747
342.923767
342.378021
341.847198
341.476624
341.291656
341.265228
341.304840
341.357697
341.397308
341.357697
341.238831
340.974976
340.619446
340.290894
340.146576
340.185913
340.409088
340.882751
341.582458
342.351440
342.910461
343.217346
343.324249
343.297516
343.110565
342.803833
342.457794
342.231873
342.112427
341.993042
341.860474
341.913483
342.205322
342.617432
343.030487
343.310883
343.244110
342.510956
340.711548
337.517212
332.654480
644.736816
635.721497
636.915100
646.674988
654.060059
658.553040
666.918701
683.191284
715.618652
740.119141
750.702209
760.082703
767.089966
771.856140
773.955811
776.340088
792.452881
811.407593
826.771667
848.729797
167.102417
335.450500
336.525635
336.705475
335.795319
334.407593
333.182220
332.278473
331.791016
331.853424
332.178375
332.403717
332.566650
332.817627
333.182220
333.610718
334.040283
334.382233
334.521729
334.509064
334.509064
334.547119
334.585205
334.699463
334.953674
335.335724
335.680298
335.872040
335.897644
335.820923
335.667511
335.501556
335.476013
335.654755
335.974426
336.435760
337.014252
337.607666
338.099457
338.475739
338.644623
338.475739
338.073547
337.736938
337.555969
337.439728
337.388123
337.478455
337.620605
337.672272
337.581818
337.439728
337.349396
337.413940
337.672272
338.112427
338.618652
339.074280
339.387390
339.622620
339.845093
340.133423
340.527374
340.948608
341.238831
341.252045
341.120056
341.040924
341.080475
341.186005
341.331268
341.503082
341.675079
341.714783
341.489868
341.080475
340.632599
340.133423
339.596497
339.165558
338.996094
339.035187
339.100342
338.904907
338.255035
337.271973
336.063995
334.750244
333.471985
332.491425
331.728607
330.894775
329.855286
328.883606
328.381561
328.552795
329.424072
330.708649
331.965820
332.943268
333.497192
333.749603
333.913849
334.078247
334.141541
334.192200
334.344208
334.585205
334.699463
334.597870
334.318848
333.939117
333.522400
333.131866
332.855286
332.692108
332.604279
332.529053
332.353607
332.040802
331.616333
331.143219
330.758270
330.584717
330.609497
330.683868
330.708649
330.646667
330.485596
330.275238
330.015717
329.719635
329.411774
329.153625
328.895844
328.638489
328.454926
328.442688
328.540588
328.552795
328.418243
328.234924
328.198273
328.295990
328.418243
328.552795
328.736511
328.932678
329.067657
329.116760
329.141327
329.227325
329.424072
329.682648
329.879944
329.953979
329.966339
329.978668
329.855286
329.337952
328.357117
327.649628
328.186035
329.510254
330.721069
331.691162
332.353607
332.855286
333.446747
334.154175
334.826538
335.195526
335.182800
334.788361
334.154175
333.522400
333.006134
332.591736
332.253448
331.965820
331.703644
331.541565
331.541565
331.541565
331.180511
330.485596
329.719635
328.895844
327.783569
326.400696
325.041443
323.788544
322.710480
322.168243
322.285980
322.651459
322.439117
320.645660
318.388580
161.072357
426.973938
438.086731
437.391541
349.223938
337.969879
335.603668
334.445618
333.623352
332.955841
332.303528
331.616333
330.919586
330.250488
329.793610
329.621063
329.645691
329.707275
329.608734
329.350281
329.067657
328.810028
328.406006
327.844482
327.309174
326.969421
326.884583
326.957275
326.957275
326.824036
326.690857
326.727142
326.908844
327.175629
327.418518
327.540100
327.564423
327.661804
327.893250
328.125000
328.271545
328.295990
328.234924
328.173828
328.137207
328.076172
327.954193
327.783569
327.613098
327.357758
327.005768
326.569916
326.195526
326.014618
326.014618
326.171356
326.328247
326.376556
326.279968
326.074921
325.882141
325.761780
325.713654
325.689606
325.749725
325.954407
326.292053
326.678772
327.066437
327.357758
327.515808
327.564423
327.540100
327.406372
327.151337
326.775574
326.328247
325.954407
325.809906
326.159302
327.224152
328.601776
329.436371
329.497925
329.288788
329.387177
329.707275
329.744263
329.215027
328.418243
327.515808
326.630371
325.833984
324.885803
323.515381
321.674744
319.356964
316.151672
311.693817
306.835968
301.889374
295.348755
287.830841
281.942291
277.856537
273.972595
270.204010
268.240021
268.362427
269.378784
271.167664
273.666565
276.177368
278.215881
279.769073
280.927521
281.933258
283.009796
284.195251
285.409180
286.512482
287.474335
288.404938
289.541077
290.714935
291.512421
291.772797
291.782440
291.821075
291.965973
292.178772
292.343384
292.256195
291.869354
291.377594
290.973877
290.628693
290.399048
290.418152
290.599976
290.657440
290.580841
290.552124
290.676605
290.810760
290.743683
290.599976
290.647858
290.897095
291.156372
291.416107
291.676331
291.811401
291.705261
291.454620
291.339111
291.358337
291.252533
291.069916
290.954681
290.762848
290.399048
290.083893
290.217499
290.868317
291.204437
290.466003
289.332123
289.541077
291.821075
294.983276
297.019684
0.000000
0.000000
0.000000
0.000000
0.000000
0.000000
297.882416
298.618652
299.348389
299.714569
0.000000
0.000000
0.000000
0.000000
0.000000
0.000000
0.000000
0.000000
0.000000
0.000000
0.000000
0.000000
0.000000
0.000000
0.000000
0.000000
0.000000
0.000000
0.000000
0.000000
0.000000
0.000000
0.000000
0.000000
0.000000
0.000000
0.000000
0.000000
1020.006897
1022.727295
1022.253174
1020.124939
766.956543
762.843811
0.000000
0.000000
0.000000
298.355988
292.789825
290.017090
287.614960
285.834656
285.178467
285.418427
285.732819
285.890228
286.020050
286.122101
286.187103
286.279999
286.400848
286.512482
286.568329
286.503174
286.428741
286.577637
286.913239
287.230927
287.493073
287.774475
287.990601
288.056427
288.141113
288.169373
287.934174
287.671234
287.708771
287.915405
288.056427
288.216461
288.395538
288.423828
288.254120
287.877808
287.455597
287.390045
287.821442
288.565369
289.626648
290.839539
291.772797
292.382141
292.867584
293.266846
293.403442
293.266846
292.789825
291.956299
291.021881
290.332123
290.026642
289.883636
289.759857
289.826477
290.198395
290.724487
291.069916
291.108307
290.897095
290.638275
290.619141
290.829956
291.098724
291.185211
290.734100
289.142395
285.816132
280.552185
272.870697
524.656494
516.453918
514.796021
519.526428
545.657043
571.947327
583.371887
0.000000
0.000000
0.000000
0.000000
0.000000
0.000000
0.000000
0.000000
0.000000
0.000000
0.000000
0.000000
0.000000
727.662720
732.375671
739.312683
251.964020
253.462830
255.200958
256.895721
258.000366
257.985260
257.015472
255.874664
255.164032
254.920670
255.016495
255.326538
255.889526
256.656494
257.330414
257.623566
257.608490
257.443085
257.217865
257.045441
256.873260
256.656494
256.477386
256.544525
256.873260
257.210358
257.360443
257.345428
257.225372
257.000488
256.776031
256.537048
256.149628
255.644760
255.252640
255.171417
255.437454
255.941513
256.611694
257.367950
258.174042
258.992828
259.709686
260.092621
260.031250
259.663818
259.205933
258.970001
259.068878
259.427002
260.046570
260.931305
261.798767
262.265839
262.328247
262.086578
261.550323
260.931305
260.438202
259.946960
259.198303
258.408539
257.909821
257.698822
257.480682
257.127869
256.790985
256.611694
256.380463
256.052948
255.793045
255.637360
255.518860
255.363510
255.341339
255.800476
257.015472
258.780060
261.348816
265.287079
267.865295
267.621429
266.763458
267.151306
268.787720
269.997223
270.154358
270.137817
270.552155
271.334534
272.104645
272.525055
272.239014
271.376251
269.906372
267.499695
264.793304
263.315033
262.985260
262.742401
262.585968
262.734589
262.750244
260.430511
258.947205
258.833191
260.415131
262.922546
263.740204
264.428131
266.844147
270.022064
270.038574
272.541870
277.506866
280.677185
282.095551
0.000000
0.000000
0.000000
0.000000
0.000000
0.000000
0.000000
0.000000
0.000000
0.000000
0.000000
0.000000
0.000000
0.000000
0.000000
0.000000
0.000000
0.000000
0.000000
0.000000
0.000000
0.000000
0.000000
0.000000
0.000000
0.000000
0.000000
0.000000
0.000000
0.000000
0.000000
0.000000
0.000000
0.000000
0.000000
0.000000
0.000000
0.000000
0.000000
0.000000
0.000000
0.000000
0.000000
0.000000
0.000000
0.000000
0.000000
0.000000
0.000000
0.000000
0.000000
0.000000
0.000000
0.000000
0.000000
0.000000
0.000000
0.000000
0.000000
0.000000
0.000000
500.908661
253.754547
241.207672
0.000000
0.000000
0.000000
216.867462
0.000000
343.471313
0.000000
0.000000
0.000000
0.000000
0.000000
0.000000
0.000000
0.000000
0.000000
0.000000
0.000000
0.000000
0.000000
0.000000
0.000000
0.000000
0.000000
0.000000
0.000000
0.000000
0.000000
0.000000
0.000000
0.000000
0.000000
0.000000
0.000000
0.000000
0.000000
0.000000
0.000000
0.000000
0.000000
0.000000
0.000000
0.000000
0.000000
0.000000
0.000000
0.000000
0.000000
0.000000
0.000000
0.000000
0.000000
0.000000
0.000000
0.000000
0.000000
0.000000
0.000000
0.000000
0.000000
0.000000
0.000000
0.000000
0.000000
0.000000
0.000000
0.000000
0.000000
0.000000
0.000000
0.000000
0.000000
0.000000
0.000000
0.000000
0.000000
0.000000
0.000000
0.000000
0.000000
0.000000
