0.000000
0.000000
0.000000
0.000000
0.000000
0.000000
0.000000
0.000000
0.000000
0.000000
0.000000
0.000000
0.000000
0.000000
0.000000
0.000000
0.000000
0.000000
0.000000
0.000000
0.000000
0.000000
0.000000
0.000000
0.000000
0.000000
0.000000
0.000000
0.000000
0.000000
0.000000
0.000000
0.000000
0.000000
0.000000
0.000000
0.000000
0.000000
0.000000
0.000000
0.000000
0.000000
0.000000
0.000000
0.000000
0.000000
0.000000
0.000000
0.000000
0.000000
0.000000
0.000000
0.000000
0.000000
0.000000
168.282074
0.000000
0.000000
0.000000
0.000000
0.000000
0.000000
0.000000
0.000000
0.000000
0.000000
0.000000
0.000000
0.000000
0.000000
0.000000
0.000000
0.000000
0.000000
0.000000
0.000000
0.000000
0.000000
0.000000
0.000000
0.000000
0.000000
0.000000
0.000000
0.000000
0.000000
376.520813
0.000000
0.000000
0.000000
0.000000
0.000000
0.000000
0.000000
0.000000
0.000000
0.000000
0.000000
0.000000
0.000000
0.000000
0.000000
0.000000
0.000000
0.000000
0.000000
0.000000
0.000000
0.000000
0.000000
0.000000
0.000000
0.000000
0.000000
0.000000
0.000000
0.000000
0.000000
0.000000
0.000000
0.000000
0.000000
0.000000
0.000000
0.000000
0.000000
0.000000
0.000000
0.000000
0.000000
0.000000
0.000000
0.000000
0.000000
0.000000
0.000000
0.000000
0.000000
0.000000
0.000000
0.000000
0.000000
0.000000
0.000000
0.000000
0.000000
0.000000
0.000000
0.000000
0.000000
0.000000
0.000000
0.000000
0.000000
0.000000
0.000000
0.000000
0.000000
0.000000
0.000000
0.000000
0.000000
0.000000
0.000000
0.000000
0.000000
0.000000
0.000000
0.000000
0.000000
0.000000
0.000000
0.000000
455.272827
448.649475
0.000000
0.000000
0.000000
0.000000
0.000000
0.000000
0.000000
0.000000
0.000000
0.000000
0.000000
0.000000
0.000000
0.000000
0.000000
0.000000
0.000000
0.000000
0.000000
0.000000
0.000000
0.000000
0.000000
0.000000
0.000000
428.363281
0.000000
0.000000
0.000000
0.000000
0.000000
348.837219
389.129089
390.006653
0.000000
0.000000
0.000000
0.000000
0.000000
0.000000
0.000000
0.000000
0.000000
226.113251
0.000000
0.000000
0.000000
0.000000
0.000000
0.000000
0.000000
0.000000
0.000000
0.000000
0.000000
0.000000
0.000000
0.000000
0.000000
0.000000
0.000000
0.000000
0.000000
0.000000
0.000000
0.000000
0.000000
0.000000
0.000000
0.000000
0.000000
0.000000
0.000000
0.000000
0.000000
0.000000
0.000000
0.000000
0.000000
0.000000
0.000000
0.000000
0.000000
0.000000
0.000000
0.000000
0.000000
0.000000
0.000000
0.000000
0.000000
0.000000
0.000000
0.000000
0.000000
0.000000
0.000000
0.000000
0.000000
0.000000
0.000000
0.000000
0.000000
0.000000
0.000000
0.000000
0.000000
0.000000
0.000000
0.000000
0.000000
0.000000
0.000000
0.000000
0.000000
0.000000
0.000000
0.000000
0.000000
0.000000
0.000000
0.000000
0.000000
0.000000
0.000000
0.000000
0.000000
0.000000
0.000000
0.000000
0.000000
0.000000
0.000000
0.000000
0.000000
0.000000
0.000000
0.000000
0.000000
0.000000
0.000000
0.000000
0.000000
0.000000
0.000000
0.000000
0.000000
0.000000
0.000000
0.000000
0.000000
0.000000
0.000000
0.000000
0.000000
0.000000
0.000000
0.000000
0.000000
0.000000
0.000000
0.000000
0.000000
0.000000
0.000000
0.000000
0.000000
0.000000
0.000000
0.000000
0.000000
0.000000
0.000000
0.000000
0.000000
0.000000
0.000000
0.000000
0.000000
0.000000
0.000000
0.000000
0.000000
0.000000
0.000000
0.000000
0.000000
0.000000
0.000000
0.000000
0.000000
0.000000
0.000000
0.000000
0.000000
0.000000
0.000000
0.000000
0.000000
0.000000
0.000000
0.000000
0.000000
0.000000
0.000000
0.000000
0.000000
0.000000
0.000000
0.000000
0.000000
0.000000
0.000000
0.000000
0.000000
905.823181
0.000000
0.000000
0.000000
0.000000
0.000000
0.000000
0.000000
0.000000
0.000000
0.000000
0.000000
0.000000
0.000000
0.000000
0.000000
0.000000
0.000000
0.000000
0.000000
0.000000
0.000000
0.000000
0.000000
0.000000
0.000000
0.000000
0.000000
0.000000
0.000000
0.000000
0.000000
0.000000
0.000000
0.000000
0.000000
0.000000
0.000000
0.000000
0.000000
0.000000
0.000000
0.000000
0.000000
0.000000
0.000000
0.000000
0.000000
0.000000
0.000000
0.000000
0.000000
0.000000
0.000000
0.000000
0.000000
0.000000
0.000000
0.000000
0.000000
0.000000
0.000000
0.000000
0.000000
0.000000
0.000000
0.000000
0.000000
0.000000
0.000000
0.000000
0.000000
0.000000
0.000000
0.000000
0.000000
0.000000
0.000000
0.000000
0.000000
0.000000
0.000000
0.000000
0.000000
0.000000
0.000000
0.000000
0.000000
0.000000
0.000000
0.000000
0.000000
0.000000
0.000000
0.000000
0.000000
0.000000
0.000000
0.000000
0.000000
0.000000
0.000000
0.000000
0.000000
0.000000
0.000000
0.000000
0.000000
0.000000
0.000000
0.000000
0.000000
0.000000
0.000000
0.000000
0.000000
0.000000
0.000000
0.000000
0.000000
0.000000
0.000000
0.000000
0.000000
0.000000
0.000000
0.000000
0.000000
0.000000
0.000000
0.000000
0.000000
0.000000
0.000000
0.000000
0.000000
0.000000
0.000000
0.000000
0.000000
0.000000
0.000000
0.000000
0.000000
0.000000
0.000000
0.000000
0.000000
0.000000
0.000000
0.000000
0.000000
0.000000
0.000000
0.000000
0.000000
0.000000
0.000000
0.000000
0.000000
0.000000
0.000000
0.000000
0.000000
0.000000
0.000000
0.000000
0.000000
0.000000
0.000000
0.000000
0.000000
0.000000
0.000000
0.000000
0.000000
0.000000
0.000000
0.000000
0.000000
0.000000
235.482590
0.000000
0.000000
0.000000
0.000000
0.000000
0.000000
0.000000
165.258286
0.000000
0.000000
0.000000
0.000000
0.000000
0.000000
0.000000
0.000000
0.000000
0.000000
0.000000
0.000000
0.000000
0.000000
0.000000
0.000000
0.000000
0.000000
0.000000
0.000000
0.000000
0.000000
0.000000
0.000000
0.000000
0.000000
0.000000
0.000000
0.000000
0.000000
0.000000
0.000000
0.000000
0.000000
209.830139
0.000000
0.000000
0.000000
0.000000
0.000000
0.000000
0.000000
0.000000
0.000000
0.000000
0.000000
0.000000
0.000000
0.000000
0.000000
0.000000
0.000000
0.000000
0.000000
0.000000
0.000000
0.000000
0.000000
0.000000
0.000000
0.000000
0.000000
0.000000
0.000000
0.000000
0.000000
0.000000
0.000000
510.771393
512.135620
511.957275
511.096985
507.859741
0.000000
264.293427
263.142212
262.406281
261.194031
259.839722
258.726898
257.970184
257.300385
256.462433
255.489258
254.655685
254.054199
253.674255
253.440979
253.004807
252.439972
252.483337
253.120956
254.039566
254.920670
255.741119
256.626617
257.789215
258.985199
259.855072
260.607483
261.496033
262.507812
263.748077
265.119629
266.191833
266.900696
267.426697
267.702667
267.930359
268.395111
268.894226
269.025452
269.033691
269.518707
270.179199
270.336548
270.170929
270.361389
270.926147
271.351196
271.317841
270.718231
269.584595
268.264496
266.989563
265.822784
264.777405
263.858551
263.173615
262.734589
262.343842
261.806549
261.054901
260.061920
259.144989
258.893982
259.030823
259.114563
259.259247
260.130951
261.643433
262.985260
263.984924
264.944427
266.272186
267.759583
269.009064
270.046844
271.092651
271.987183
272.297852
271.568451
268.403290
246.775406
246.410004
0.000000
0.000000
0.000000
0.000000
0.000000
0.000000
0.000000
0.000000
0.000000
0.000000
0.000000
0.000000
0.000000
0.000000
451.381805
450.045929
449.747589
447.783936
416.351959
391.982574
391.617096
392.663177
394.049042
395.622131
397.046906
398.248077
399.203400
399.963715
400.617737
401.182648
401.621063
401.840607
401.858948
401.785706
401.621063
401.474792
401.639374
402.298828
403.310608
404.364594
405.293640
405.965210
406.283112
406.208252
405.983887
405.759766
405.573181
405.368134
405.088867
404.754242
404.383118
404.031158
403.550507
402.850098
401.785706
400.272278
398.842377
397.924652
397.261505
396.493591
395.657623
394.895905
394.189941
393.433868
392.838043
392.663177
393.030609
393.732422
394.666199
395.551178
396.101868
396.297638
396.422302
396.564911
396.493591
396.190826
395.959595
395.995148
396.190826
396.386688
396.618378
396.778992
396.778992
396.689758
396.654083
396.707581
396.725464
396.707581
396.600555
396.404480
396.297638
396.315430
396.315430
395.977356
395.320679
394.701538
394.278046
393.820343
393.170776
392.209167
390.593872
387.879852
384.062714
380.697540
381.141693
386.672516
394.383820
400.417664
402.207123
400.563141
399.004730
397.763153
131.633942
131.950989
132.029999
131.812958
131.736160
199.542999
0.000000
0.000000
405.629120
401.164368
400.690552
400.581360
400.235962
399.818665
399.438446
399.221497
399.185333
399.185333
399.076965
398.914520
398.878448
398.932556
398.968658
399.040863
399.113068
399.221497
399.347992
399.601288
399.945587
400.417664
400.763367
400.726929
400.435852
400.344971
400.435852
400.290466
399.854919
399.474640
399.293762
399.040863
398.391968
397.440521
396.529266
395.977356
395.710876
395.462494
395.125885
394.913605
394.966644
395.214417
395.568909
396.012939
396.422302
396.743286
397.046906
397.386810
397.834930
398.391968
398.950592
399.384186
399.691864
399.909302
400.199646
400.745148
401.401733
401.767426
401.712524
401.328644
400.745148
400.036285
399.239532
398.409973
397.709320
397.189941
396.850403
396.600555
396.440125
396.333252
396.244232
396.030731
395.746399
395.568909
395.639893
395.835205
396.101868
396.368866
396.564911
396.671906
396.422302
395.143616
392.278961
388.768921
388.084656
391.200226
395.427032
396.404480
395.196716
393.785156
392.925568
393.820343
395.125885
395.409302
395.037384
394.895905
395.232117
396.262024
396.814667
0.000000
0.000000
450.528687
449.174988
448.717957
448.740784
448.854950
448.946381
448.900665
448.740784
448.649475
448.854950
449.403870
450.091888
450.805023
451.381805
451.566681
451.127838
450.160797
448.992065
448.056885
447.533997
447.307037
447.102936
446.785858
446.243378
445.544586
444.982574
444.847931
445.027496
445.117340
444.937714
444.646088
444.354858
444.086395
443.818268
443.572723
443.572723
443.907593
444.444458
445.117340
446.017700
446.876434
447.465881
447.715729
447.920349
448.535400
449.587128
450.505676
450.689850
450.275665
449.816406
449.495453
448.946381
448.147980
447.579437
447.352386
447.193634
446.989685
446.627502
446.040283
445.229675
444.466827
443.929962
443.595032
443.305206
442.948975
442.637787
442.482300
442.504547
442.704407
442.926727
443.015717
442.771088
441.972351
440.537415
438.522339
436.223358
434.290222
433.798950
435.986145
440.449432
443.349762
443.483490
442.415741
441.353088
442.637787
0.000000
348.410034
177.247253
181.134872
180.478821
420.881866
421.444946
0.000000
0.000000
728.805176
719.530090
220.516541
447.624878
444.915253
443.550415
442.926727
442.837769
443.149261
443.751282
444.466827
445.162262
445.679657
446.040283
446.153076
445.859894
445.229675
444.668488
444.422058
444.377289
444.422058
444.489258
444.422058
444.265350
444.153473
444.198242
444.287720
444.242981
443.862946
443.327484
442.904480
442.682190
442.637787
442.726624
442.904480
443.127014
443.305206
443.305206
443.327484
443.617371
444.220581
444.780640
445.072418
445.139801
445.319611
445.702148
446.198212
446.695374
447.170959
447.738464
448.398590
449.083527
449.632935
449.816406
449.632935
449.403870
449.220734
448.923492
448.398590
447.715729
446.989685
446.243378
445.477081
444.556458
443.327484
441.728851
439.944153
438.522339
437.847504
437.782288
437.782288
437.651978
437.391541
437.434906
438.173798
439.527588
441.154419
442.837769
444.175873
444.422058
443.127014
440.603485
437.956207
436.137085
436.396027
441.773102
446.265930
444.758209
443.572723
443.193817
443.238342
443.639648
444.601257
442.526733
433.585693
425.039764
428.863159
432.141083
0.000000
0.000000
0.000000
0.000000
0.000000
595.865417
588.549316
584.376892
563.614258
387.607117
389.558746
389.834259
389.920441
389.817047
389.679260
389.593170
389.541565
389.249298
388.751740
388.477814
388.854614
389.713684
390.524689
391.044098
391.339050
391.495422
391.512787
391.408539
391.304352
391.321716
391.495422
391.808441
392.331299
393.170776
394.207581
394.966644
395.285248
395.249847
394.984314
394.472046
393.750000
392.908051
392.052277
391.391174
391.061462
391.130829
391.425903
391.808441
392.104553
392.331299
392.505920
392.680634
392.803070
392.855560
392.890533
393.100677
393.556732
394.189941
394.860565
395.462494
395.870728
396.048492
395.924042
395.533417
394.913605
394.172333
393.451416
392.925568
392.768097
393.118195
393.873108
394.772186
395.622131
396.084076
395.977356
395.657623
395.462494
395.356140
395.409302
395.781891
396.457947
397.189941
397.691406
397.709320
397.350983
396.796844
395.959595
394.577911
392.855560
390.940125
388.614746
386.604706
386.283020
387.181732
388.272583
389.180603
389.937653
390.749603
391.651855
392.645660
394.101868
396.422302
398.788269
400.181488
400.927338
401.547943
401.840607
401.584473
399.963715
397.297302
397.225739
398.050354
397.888763
398.176178
398.391968
396.761139
260.153961
261.186279
0.000000
0.000000
0.000000
0.000000
0.000000
0.000000
0.000000
0.000000
0.000000
0.000000
382.696228
382.812500
383.211670
0.000000
0.000000
0.000000
0.000000
0.000000
0.000000
0.000000
0.000000
0.000000
0.000000
0.000000
396.778992
0.000000
0.000000
0.000000
0.000000
0.000000
0.000000
0.000000
0.000000
0.000000
0.000000
0.000000
0.000000
0.000000
0.000000
0.000000
0.000000
0.000000
0.000000
0.000000
0.000000
0.000000
0.000000
0.000000
0.000000
0.000000
190.385742
0.000000
0.000000
0.000000
0.000000
0.000000
0.000000
0.000000
0.000000
0.000000
0.000000
109.296394
0.000000
0.000000
0.000000
0.000000
0.000000
0.000000
0.000000
0.000000
0.000000
0.000000
0.000000
0.000000
0.000000
0.000000
0.000000
0.000000
0.000000
0.000000
0.000000
0.000000
0.000000
0.000000
0.000000
0.000000
330.102173
330.151611
331.130829
331.928345
332.666992
333.535004
334.674042
336.320312
338.579651
341.212433
343.806030
345.909485
347.148438
347.462982
347.162079
346.725372
346.344147
346.316956
346.602753
346.929962
347.312469
348.011353
349.044281
350.319733
351.702698
352.927063
353.748047
354.145752
354.202637
353.889984
353.068329
352.067688
351.240479
350.528595
349.777924
349.085724
348.520172
347.956451
347.312469
346.643616
345.990906
345.421783
345.083923
345.083923
345.205475
345.164948
344.895020
344.719757
344.989441
345.638397
346.330536
346.889008
347.394531
347.956451
348.561493
349.141022
349.708557
350.403259
351.226501
352.011505
352.489807
352.391235
351.814911
351.142609
350.598267
350.138947
349.653107
349.251617
349.016663
348.947632
348.989044
349.113373
349.320770
349.514557
349.639282
349.639282
349.611542
349.583832
349.514557
349.376129
349.334595
349.597687
350.222382
350.974915
351.744751
352.884674
354.658417
356.723969
358.245331
358.667786
358.172577
357.403351
356.579773
355.530457
354.046265
352.011505
349.528412
347.367188
348.299957
351.016815
352.447540
353.223877
353.167297
351.534485
349.875061
349.819519
352.137970
353.294617
0.000000
0.000000
0.000000
0.000000
0.000000
343.551575
342.777191
343.190674
341.741272
340.869568
340.869568
341.410553
342.072601
342.777191
343.658691
344.517792
344.975952
345.056915
345.097412
345.354156
345.787445
346.276154
346.739014
347.093781
347.408203
347.846680
348.313721
348.575256
348.589050
348.478851
348.313721
348.066315
347.750641
347.312469
346.725372
346.140259
345.800995
345.651917
345.624817
345.787445
346.099518
346.276154
346.235382
346.194611
346.412170
346.766266
347.011841
347.107422
347.148438
347.244080
347.394531
347.599915
347.805511
348.025116
348.258728
348.451324
348.561493
348.547699
348.437561
348.272461
348.093781
347.942719
347.874115
347.901550
347.956451
347.983917
348.011353
348.121246
348.272461
348.341248
348.272461
348.121246
347.901550
347.682129
347.517731
347.326141
347.121094
347.080139
347.244080
347.462982
347.599915
347.613617
347.504028
347.271454
346.943604
346.521027
346.031616
345.584198
345.273041
345.070435
344.935486
345.205475
346.248962
347.860382
349.237762
349.944458
350.250183
350.445007
350.681885
350.807404
350.417175
349.265442
346.861725
344.007202
343.163971
344.679352
347.312469
348.989044
349.528412
174.757278
230.914230
343.899872
341.966522
343.284180
344.007202
0.000000
0.000000
0.000000
0.000000
438.086731
430.369873
363.396667
334.635956
329.781250
326.775574
324.754242
323.657837
323.325623
323.301941
323.242706
323.065063
322.793152
322.344849
321.756897
321.264648
321.054169
321.135986
321.276367
321.323181
321.264648
321.241272
321.334869
321.475464
321.627808
321.933044
322.403778
322.934967
323.491669
324.145538
324.790100
325.281219
325.569366
325.749725
325.858032
325.918274
325.894196
325.882141
325.990540
326.255829
326.618256
326.981537
327.260559
327.418518
327.454987
327.442841
327.442841
327.503632
327.527924
327.382050
326.969421
326.388611
325.930328
325.761780
325.858032
326.086945
326.328247
326.485291
326.509460
326.400696
326.171356
325.966461
325.833984
325.689606
325.641479
325.870087
326.352386
326.920929
327.467133
328.002991
328.479370
328.797760
329.018524
329.387177
329.892303
330.151611
330.015717
329.805939
329.966339
330.349457
330.423706
330.015717
329.436371
329.288788
329.916962
331.416962
333.699066
336.025574
337.310669
336.937012
334.902802
331.155670
326.582001
323.740997
323.669739
325.918274
330.312347
332.190857
341.291656
342.085876
333.383728
0.000000
0.000000
0.000000
0.000000
0.000000
0.000000
0.000000
0.000000
226.223450
225.097626
224.839401
0.000000
325.665558
324.121704
323.598480
323.325623
323.088776
323.005920
323.171600
323.491669
323.717255
323.705353
323.598480
323.467926
323.361176
323.337494
323.325623
323.207184
323.029572
322.958618
323.147949
323.456085
323.586578
323.432343
323.301941
323.527252
324.109802
324.933685
325.737732
326.388611
326.811920
326.981537
326.908844
326.727142
326.545715
326.340332
326.038757
325.773804
325.605438
325.509308
325.461243
325.497284
325.653534
325.978485
326.400696
326.751404
327.030029
327.406372
327.954193
328.516083
328.993988
329.497925
329.953979
330.225769
330.312347
330.287598
330.213409
330.077484
329.805939
329.411774
329.018524
328.748718
328.662994
328.662994
328.565033
328.332642
328.063965
327.844482
327.686127
327.503632
327.296997
327.017914
326.594086
326.086945
325.749725
325.797882
326.195526
326.727142
327.175629
327.454987
327.613098
327.734833
327.917603
328.247101
328.736511
329.264191
329.658020
329.731964
329.227325
327.966400
325.930328
323.978851
324.264709
327.394226
329.202759
328.626282
329.399445
332.391174
334.432922
334.293518
333.787476
0.000000
0.000000
0.000000
0.000000
0.000000
0.000000
0.000000
0.000000
0.000000
0.000000
290.351257
287.614960
286.168518
285.363037
284.994171
284.975769
285.160065
285.538544
286.279999
287.455597
288.527588
289.076080
289.275177
289.332123
289.237213
288.934021
288.565369
288.338959
288.404938
288.678680
288.877228
289.057129
289.370087
289.636169
289.655182
289.493530
289.265686
288.934021
288.518158
288.263550
288.310699
288.414368
288.433228
288.631470
289.151886
289.560059
289.683716
289.759857
289.978943
290.360809
290.801208
291.300629
291.850037
292.401550
292.945404
293.520599
294.156891
294.845245
295.516998
296.082458
296.341095
296.231628
295.844086
295.408112
295.072083
294.825500
294.608856
294.333588
293.882446
293.198578
292.498505
292.023987
291.666687
291.319855
290.973877
290.695740
290.466003
290.370361
290.446869
290.619141
290.945068
291.657013
292.760651
292.809235
291.156372
290.227051
290.370361
290.475586
290.322601
289.959900
289.921753
196.914551
293.140106
116.318939
0.000000
0.000000
0.000000
0.000000
0.000000
0.000000
0.000000
298.023315
293.335114
292.043304
292.198120
292.955109
293.637848
293.902039
293.941223
293.911835
293.667175
293.218109
292.867584
292.663513
292.401550
292.149719
292.052979
292.014282
291.898315
291.666687
291.416107
291.300629
291.406464
291.579895
291.714905
291.917664
292.227142
292.450012
292.537323
292.566437
292.508209
292.401550
292.275574
292.140045
292.120697
292.217499
292.314301
292.401550
292.440308
292.333710
292.169067
292.052979
291.927307
291.753510
291.599152
291.483521
291.367981
291.214050
291.108307
291.089111
291.069916
291.098724
291.300629
291.473877
291.416107
291.377594
291.647369
291.965973
292.052979
292.091675
292.265900
292.547028
292.906494
293.364380
293.931396
294.539978
294.973389
295.022766
294.677765
294.196136
293.862885
293.716064
293.608521
293.481506
293.296082
292.974609
292.537323
292.091675
291.695618
291.214050
290.456421
289.436554
288.414368
287.830841
288.094086
289.019226
288.877228
289.294159
291.012299
291.946655
292.294952
568.445435
563.434265
0.000000
0.000000
0.000000
0.000000
0.000000
0.000000
0.000000
0.000000
0.000000
527.354248
527.543518
530.749817
0.000000
269.041901
265.231232
262.883362
261.325592
260.230743
259.442291
258.954773
258.787628
258.970001
259.488098
260.246094
261.124451
262.141113
263.110779
263.700775
264.079773
264.642334
265.295074
265.662659
265.534668
265.159485
264.912598
264.952393
265.071838
265.008118
264.777405
264.436035
264.024414
263.535309
263.016632
262.546875
262.055450
261.519287
261.085785
260.784729
260.515137
260.361298
260.468964
260.684509
260.869568
261.078064
261.410797
261.923157
262.546875
263.252136
264.000732
264.634399
264.960327
265.031982
264.968323
264.952393
265.111664
265.406830
265.646667
265.758698
265.814789
265.830780
265.686646
265.247223
264.491547
263.472321
262.484375
262.032074
262.141113
262.703278
263.614105
264.936462
266.844147
268.935242
270.220581
270.121277
268.935242
267.248444
265.430786
263.890137
263.181458
263.480194
264.340942
265.430786
266.803802
268.403290
270.096466
271.719025
272.938263
272.668243
270.187469
268.640350
267.743317
0.000000
0.000000
0.000000
0.000000
0.000000
0.000000
0.000000
0.000000
0.000000
0.000000
0.000000
0.000000
0.000000
0.000000
0.000000
0.000000
0.000000
0.000000
0.000000
0.000000
0.000000
215.132446
214.181641
215.917160
0.000000
0.000000
132.099213
132.026047
0.000000
0.000000
0.000000
0.000000
0.000000
0.000000
0.000000
0.000000
0.000000
0.000000
0.000000
0.000000
0.000000
163.143005
163.251709
0.000000
0.000000
0.000000
0.000000
161.953735
162.748642
162.398041
161.733963
225.241333
224.879532
0.000000
0.000000
0.000000
0.000000
211.303040
210.125076
0.000000
0.000000
0.000000
0.000000
327.649628
0.000000
0.000000
0.000000
0.000000
0.000000
0.000000
0.000000
0.000000
0.000000
0.000000
0.000000
0.000000
0.000000
0.000000
0.000000
0.000000
451.289398
0.000000
0.000000
0.000000
0.000000
0.000000
0.000000
0.000000
0.000000
0.000000
0.000000
0.000000
0.000000
0.000000
0.000000
0.000000
0.000000
0.000000
0.000000
0.000000
0.000000
0.000000
0.000000
0.000000
0.000000
0.000000
0.000000
0.000000
0.000000
0.000000
176.209686
215.753433
126.154991
392.593231
383.895538
384.431000
385.928070
387.300751
388.460693
389.318024
389.972137
390.749603
391.704041
392.698120
393.574280
394.383820
395.125885
395.746399
396.297638
396.886108
397.530090
398.266083
398.644073
398.212097
397.189941
396.457947
396.208618
395.888519
395.214417
394.419098
393.820343
393.433868
393.030609
392.505920
391.912903
391.373810
391.009460
390.870819
390.992096
391.356445
391.895508
392.505920
393.118195
393.750000
394.260437
394.577911
394.736847
394.719177
394.542603
394.330933
394.172333
394.049042
393.908264
393.750000
393.539185
393.346130
393.363647
393.627014
393.890686
394.013855
394.084259
394.154694
394.472046
395.338409
396.493591
397.261505
397.368896
396.939697
396.333252
395.995148
396.048492
396.173004
395.959595
395.143616
393.732422
392.034851
390.524689
389.558746
389.300842
389.403961
389.369598
389.026123
388.323853
387.232727
385.624329
383.461609
381.059387
379.159149
380.697540
388.871735
393.662109
393.996246
393.504059
393.908264
395.444763
197.997574
197.944260
197.944260
397.368896
196.209290
195.656509
0.000000
0.000000
0.000000
0.000000
392.313873
395.196716
395.356140
395.356140
394.807526
393.750000
392.505920
391.339050
390.403687
389.696472
389.249298
389.111938
389.455566
390.213684
391.061462
391.686676
392.087128
392.523376
393.100677
393.609436
393.732422
393.521606
393.258423
393.135712
393.013092
392.873047
392.855560
393.100677
393.468933
393.767609
393.978668
394.172333
394.348572
394.507324
394.648529
394.789856
394.842865
394.878235
394.895905
394.895905
394.825195
394.754517
394.719177
394.648529
394.542603
394.419098
394.242798
394.137115
394.119507
394.119507
394.119507
394.137115
394.119507
394.013855
393.785156
393.486511
393.258423
393.135712
393.100677
393.048126
393.065643
393.223358
393.574280
393.978668
394.278046
394.313324
394.154694
393.978668
394.031464
394.401459
395.055115
395.924042
396.886108
397.816986
398.626068
399.329926
399.691864
399.583221
399.058899
398.140198
396.707581
394.789856
392.313873
389.765350
388.991791
391.078796
394.931274
398.878448
399.565094
397.207825
395.959595
395.728638
396.351044
397.709320
398.266083
199.380615
199.079086
198.563675
384.213287
387.641205
0.000000
0.000000
0.000000
355.487488
353.889984
351.240479
348.740662
347.080139
346.384949
346.371338
346.684479
347.093781
347.613617
348.272461
349.044281
349.805664
350.542511
351.254486
351.913177
352.475739
352.912933
353.266327
353.592041
353.960999
354.330719
354.572876
354.601379
354.558624
354.615631
354.758270
354.886749
354.943848
354.901001
354.686951
354.302246
353.790619
353.308777
353.011810
352.870575
352.814117
352.828247
352.884674
352.941193
352.983551
352.983551
352.912933
352.856476
352.799988
352.658936
352.419373
352.222351
352.123932
352.067688
352.095795
352.194244
352.236420
352.137970
352.011505
352.053650
352.503876
353.351227
354.330719
355.158264
355.673859
355.903503
355.917847
355.831696
355.587830
355.244080
354.943848
354.715485
354.601379
354.444641
353.975189
353.011810
351.772827
350.528595
349.127167
347.107422
344.423645
342.125702
341.582458
342.351440
343.940094
346.698120
349.708557
350.472870
348.121246
175.725220
176.019806
176.336517
176.248428
232.007568
176.209686
176.421173
176.859833
177.600586
0.000000
0.000000
0.000000
0.000000
0.000000
538.231567
540.408081
535.356628
331.143219
345.624817
349.930573
351.100677
350.180664
348.520172
347.421906
347.257782
347.490356
347.613617
347.599915
347.558807
347.586212
347.736938
348.052551
348.520172
349.085724
349.708557
350.264099
350.640076
350.807404
350.905121
351.072723
351.338440
351.576508
351.730743
351.857025
351.913177
351.842987
351.674652
351.464447
351.310455
351.282471
351.310455
351.324432
351.324432
351.296448
351.114655
350.695831
350.013916
349.293091
348.740662
348.423798
348.272461
348.244965
348.272461
348.258728
348.189972
348.121246
348.038818
347.901550
347.709534
347.531433
347.421906
347.449280
347.668396
347.983917
348.244965
348.382507
348.423798
348.354980
348.203705
348.038818
347.915283
347.901550
347.970184
348.025116
348.066315
348.148743
348.313721
348.506409
348.657928
348.726868
348.754456
348.851013
349.058105
349.362274
349.847290
350.598267
351.478424
352.250488
352.771759
352.983551
352.856476
351.899139
349.473022
345.570679
344.289185
346.371338
348.038818
349.071899
350.319733
352.025543
353.521179
353.691315
175.721710
116.457169
116.527939
0.000000
0.000000
0.000000
0.000000
0.000000
0.000000
0.000000
0.000000
0.000000
160.049347
325.821930
328.810028
328.039581
326.485291
325.401245
324.981598
324.969604
324.981598
324.957642
324.993561
325.137329
325.425232
325.906219
326.557831
327.345612
328.137207
328.895844
329.658020
330.299957
330.733459
330.981659
331.143219
331.317383
331.554047
331.778503
331.903381
331.828461
331.516663
331.118378
330.807892
330.634277
330.547546
330.473236
330.522766
330.733459
331.031372
331.329803
331.641266
331.903381
332.003296
331.915833
331.716156
331.404541
331.068634
330.770691
330.547546
330.535156
330.820312
331.280060
331.603851
331.653748
331.578949
331.554047
331.566467
331.566467
331.504181
331.329803
330.994110
330.646667
330.485596
330.485596
330.448456
330.361816
330.411316
330.683868
331.056213
331.354736
331.479279
331.441895
331.317383
331.217834
331.217834
331.392090
331.853424
332.428741
332.704620
332.591736
332.428741
332.466339
332.466339
332.215912
331.766022
331.367157
331.267609
331.641266
332.291016
332.654480
332.428741
331.716156
330.721069
329.473267
327.978577
326.545715
325.413208
324.038361
321.580933
318.549561
316.969727
316.480682
315.778168
314.977509
318.641632
327.515808
331.678711
332.817627
332.629364
332.003296
331.416962
331.192963
331.242737
331.367157
331.516663
331.616333
331.603851
331.479279
331.329803
331.118378
330.783112
330.411316
330.163971
330.065125
330.015717
329.966339
330.028076
330.262878
330.671448
331.168121
331.591431
331.803467
331.840912
331.815948
331.753571
331.616333
331.404541
331.192963
331.043823
330.944427
330.894775
330.981659
331.267609
331.566467
331.641266
331.441895
331.093536
330.696259
330.299957
330.052765
329.991028
330.003387
329.978668
329.904602
329.768951
329.633362
329.621063
329.793610
330.052765
330.337067
330.584717
330.683868
330.634277
330.597076
330.621887
330.621887
330.473236
330.102173
329.522522
328.957184
328.614014
328.516083
328.577301
328.748718
329.043091
329.448669
329.781250
329.867584
329.719635
329.387177
328.871307
328.344879
327.941986
327.759186
327.771393
328.027374
328.516083
329.141327
329.805939
330.411316
330.820312
330.646667
329.584106
327.600922
325.053436
322.521667
320.482544
320.180054
323.919342
328.173828
329.731964
330.907166
331.890869
330.944427
328.675232
327.734833
328.002991
328.357117
0.000000
330.969269
0.000000
0.000000
637.836304
640.476379
0.000000
300.531555
297.490540
295.675507
294.815643
294.648224
294.933960
295.279541
295.378418
295.081970
294.343414
293.344849
292.372467
291.473877
290.580841
289.693237
288.971893
288.499268
288.338959
288.489838
288.858337
289.170837
289.351074
289.484070
289.550598
289.579102
289.731293
290.198395
290.945068
291.850037
292.877319
293.892242
294.835358
295.744873
296.679993
297.390259
297.691376
297.761719
297.811981
297.691376
297.239899
296.580261
296.022797
295.616058
295.180725
294.628571
294.049011
293.501038
293.052460
292.867584
292.896759
293.042725
293.344849
293.804108
294.264832
294.490814
294.480988
294.520325
294.707306
294.776245
294.589172
294.382721
294.264832
294.294281
294.421997
294.353241
293.853088
293.198578
292.838409
293.257080
294.559662
296.142120
297.209869
297.219879
296.142120
294.677765
293.647644
293.110901
292.702362
292.459717
292.411224
292.653778
293.335114
294.382721
295.002991
294.795959
295.032593
295.378418
294.039215
291.512421
293.091431
295.467468
295.873871
0.000000
0.000000
284.699829
0.000000
0.000000
0.000000
224.587494
224.793564
0.000000
0.000000
0.000000
0.000000
0.000000
0.000000
0.000000
0.000000
0.000000
0.000000
0.000000
0.000000
0.000000
0.000000
0.000000
0.000000
0.000000
0.000000
0.000000
0.000000
0.000000
0.000000
0.000000
226.287308
0.000000
0.000000
0.000000
0.000000
0.000000
0.000000
0.000000
213.605865
0.000000
0.000000
0.000000
0.000000
0.000000
0.000000
0.000000
0.000000
325.761780
789.968628
802.109863
0.000000
0.000000
0.000000
0.000000
0.000000
0.000000
0.000000
0.000000
0.000000
0.000000
0.000000
0.000000
0.000000
0.000000
0.000000
0.000000
0.000000
0.000000
0.000000
0.000000
0.000000
0.000000
0.000000
0.000000
0.000000
0.000000
0.000000
0.000000
0.000000
0.000000
0.000000
0.000000
0.000000
0.000000
0.000000
0.000000
0.000000
0.000000
0.000000
305.380493
305.169189
452.934845
230.124985
226.991974
297.239899
0.000000
0.000000
0.000000
0.000000
0.000000
0.000000
0.000000
0.000000
186.631119
188.449463
197.006912
198.251266
197.213959
390.732300
394.472046
396.903961
397.852844
397.709320
397.225739
397.136292
397.548004
398.050354
398.355988
398.590027
399.076965
399.891205
400.836212
401.639374
402.170441
402.464081
402.482422
402.317200
402.060455
401.804016
401.621063
401.547943
401.602783
401.749115
401.913879
402.060455
402.188782
402.225464
402.207123
402.225464
402.372253
402.592651
402.794891
402.868500
402.702942
402.188782
401.493103
400.945557
400.708740
400.617737
400.599548
400.544952
400.454041
400.254120
399.818665
399.022827
397.852844
396.422302
394.895905
393.065643
391.044098
389.146271
388.255493
388.580505
389.386780
390.041107
390.420959
390.645752
390.922791
391.425903
392.226624
393.100677
393.820343
394.295685
394.683838
394.948975
395.019714
394.736847
394.119507
393.346130
392.575775
391.843262
390.905457
389.352417
386.536957
381.652954
375.878967
373.049103
375.367065
380.664642
385.119202
387.487915
388.392273
130.313370
390.282776
391.756256
392.750610
394.013855
131.076401
402.445709
404.605743
271.903320
275.418457
278.866821
202.982605
396.636230
395.427032
394.524963
393.504059
393.065643
393.328552
393.961029
394.577911
395.019714
395.356140
395.639893
395.941833
396.244232
396.457947
396.511414
396.511414
396.386688
396.101868
395.764160
395.710876
395.959595
396.279846
396.582733
396.868256
397.064758
397.029053
396.761139
396.386688
396.101868
395.977356
395.888519
395.799683
395.764160
395.852966
395.959595
395.995148
395.977356
395.852966
395.657623
395.497955
395.373840
395.267548
395.178986
395.143616
395.196716
395.320679
395.515686
395.746399
395.870728
395.799683
395.639893
395.480225
395.356140
395.249847
395.108185
394.895905
394.719177
394.630859
394.595551
394.524963
394.436737
394.313324
394.101868
393.873108
393.732422
393.679718
393.591858
393.486511
393.451416
393.504059
393.521606
393.451416
393.627014
394.207581
394.931274
395.480225
395.817444
396.066284
396.173004
396.048492
395.497955
394.401459
392.628204
390.317291
387.845734
385.658081
384.246765
384.230011
386.486115
390.940125
395.462494
396.975433
396.993286
398.248077
400.235962
401.895569
402.280487
401.419983
198.465378
0.000000
0.000000
0.000000
0.000000
186.307846
358.318115
355.630829
352.983551
350.709747
349.071899
348.135010
347.736938
347.641022
347.668396
347.709534
347.805511
347.956451
348.148743
348.478851
349.016663
349.722443
350.486786
351.184570
351.814911
352.363068
352.828247
353.223877
353.507019
353.563721
353.393707
353.082458
352.687134
352.278625
351.871063
351.478424
351.044769
350.626099
350.319733
350.166748
350.111145
350.083344
350.138947
350.333649
350.653992
351.002869
351.212524
351.170563
350.960968
350.807404
350.877197
351.100677
351.352417
351.562500
351.646606
351.548492
351.282471
350.974915
350.751617
350.612183
350.542511
350.528595
350.500702
350.431091
350.403259
350.403259
350.291931
350.069458
349.847290
349.764038
349.888916
350.138947
350.305817
350.305817
350.180664
350.027771
349.902802
349.861145
350.000000
350.347565
350.821350
351.296448
351.674652
351.927216
352.236420
352.687134
353.082458
353.011810
352.152039
350.013916
346.072357
341.833984
343.431183
346.957245
349.403809
351.730743
177.254364
177.062210
176.054932
175.260803
176.498840
439.330566
439.571411
0.000000
0.000000
0.000000
0.000000
0.000000
0.000000
338.358826
350.695831
351.800903
350.640076
349.376129
348.589050
348.382507
348.465088
348.492645
348.478851
348.602844
348.878601
349.237762
349.597687
349.944458
350.264099
350.598267
350.933044
351.128632
351.226501
351.282471
351.170563
350.807404
350.264099
349.750183
349.306946
348.961426
348.768250
348.740662
348.809631
348.823395
348.782013
348.782013
348.864807
348.906219
348.782013
348.561493
348.244965
347.887817
347.586212
347.353485
347.230438
347.298798
347.558807
347.832947
347.983917
348.025116
347.997650
348.025116
348.121246
348.162476
348.135010
348.121246
348.176239
348.203705
348.135010
348.080048
348.080048
348.107513
348.107513
348.121246
348.135010
348.162476
348.203705
348.231201
348.135010
347.860382
347.462982
347.134766
346.984528
346.957245
346.984528
347.052795
347.203094
347.353485
347.326141
347.121094
346.970886
347.093781
347.504028
347.983917
348.451324
348.906219
349.376129
349.916687
350.542511
350.877197
350.319733
348.575256
345.990906
343.685455
343.030487
343.551575
343.899872
344.074280
344.221985
344.463989
347.134766
351.436432
171.612015
174.222229
176.389420
0.000000
0.000000
0.000000
0.000000
0.000000
0.000000
0.000000
0.000000
0.000000
123.344566
159.220139
331.105927
332.040802
330.634277
329.399445
328.920380
329.215027
329.978668
330.807892
331.479279
331.791016
331.828461
331.791016
331.753571
331.653748
331.454346
331.118378
330.609497
329.941620
329.202759
328.528320
328.100586
327.990784
328.076172
328.210449
328.308228
328.320435
328.271545
328.247101
328.259338
328.198273
328.076172
328.051788
328.137207
328.283752
328.552795
329.018524
329.596405
330.077484
330.361816
330.522766
330.721069
330.994110
331.267609
331.504181
331.628815
331.591431
331.441895
331.342285
331.392090
331.504181
331.616333
331.691162
331.753571
331.753571
331.641266
331.429443
331.205414
330.969269
330.646667
330.176300
329.608734
328.957184
328.332642
327.881042
327.698303
327.686127
327.795746
327.954193
328.088409
328.076172
328.027374
328.100586
328.320435
328.724243
329.399445
330.349457
331.454346
332.641907
333.837982
334.915497
335.667511
336.012817
336.076813
335.808105
334.851959
332.692108
329.707275
327.954193
328.259338
328.295990
327.637421
327.345612
329.510254
337.297821
338.177216
163.034439
162.040009
0.000000
0.000000
0.000000
0.000000
0.000000
0.000000
0.000000
0.000000
298.618652
298.770386
305.179749
323.657837
330.547546
330.795471
330.028076
329.522522
329.670319
330.275238
330.820312
331.143219
331.317383
331.392090
331.304932
331.068634
330.770691
330.535156
330.386597
330.213409
329.991028
329.805939
329.682648
329.460999
329.104492
328.724243
328.467163
328.381561
328.442688
328.577301
328.724243
328.846802
328.895844
328.834534
328.687500
328.552795
328.454926
328.332642
328.247101
328.406006
328.834534
329.301086
329.584106
329.658020
329.633362
329.497925
329.178162
328.736511
328.393799
328.308228
328.503876
328.810028
328.993988
328.981720
328.711975
328.210449
327.613098
327.017914
326.497406
326.098999
325.809906
325.617462
325.533325
325.605438
325.870087
326.292053
326.739258
327.090668
327.284882
327.296997
327.236298
327.139221
326.993652
326.896698
326.969421
327.248444
327.661804
328.051788
328.259338
328.149414
327.722656
327.078552
326.412811
325.966461
325.773804
325.725677
325.689606
325.461243
324.706390
323.017792
320.342865
317.929504
317.563202
318.331085
320.470886
324.431702
0.000000
0.000000
0.000000
327.345612
0.000000
0.000000
0.000000
0.000000
0.000000
0.000000
0.000000
0.000000
0.000000
0.000000
265.622650
281.861176
292.004639
292.459717
291.888672
291.425751
291.281372
291.483521
291.936981
292.508209
292.994049
293.276581
293.501038
293.667175
293.725861
293.774750
293.951019
294.088226
294.000000
293.764984
293.501038
293.169342
292.663513
292.014282
291.319855
290.772430
290.523407
290.485138
290.504272
290.552124
290.705353
290.935486
291.050690
291.041107
291.079498
291.262115
291.473877
291.502777
291.262115
290.983490
290.868317
290.877899
291.012299
291.377594
291.936981
292.469391
292.789825
292.809235
292.663513
292.556702
292.556702
292.479126
292.178772
291.927307
291.946655
291.985291
291.657013
291.079498
290.580841
290.131592
289.503052
288.640900
287.802643
287.081329
286.549713
286.465973
287.193542
288.584229
290.045715
291.550995
293.305847
294.983276
296.221649
297.410309
299.023590
301.147217
303.499542
305.581543
306.729279
306.654633
305.676849
304.085510
301.837738
298.194611
293.383881
289.512573
286.605591
284.470245
283.000702
281.825165
279.991089
277.541779
275.427032
268.166626
323.017792
0.000000
0.000000
0.000000
0.000000
0.000000
0.000000
0.000000
0.000000
0.000000
0.000000
0.000000
0.000000
0.000000
0.000000
0.000000
0.000000
0.000000
0.000000
0.000000
296.660065
295.854034
0.000000
0.000000
0.000000
0.000000
0.000000
0.000000
0.000000
0.000000
658.749695
652.415100
667.070007
720.588196
779.014282
785.396301
342.072601
341.344513
0.000000
210.964417
211.556442
214.786682
217.450272
336.089630
336.808350
336.949860
338.358826
340.948608
342.006317
340.264648
0.000000
0.000000
0.000000
0.000000
0.000000
317.723328
0.000000
0.000000
0.000000
0.000000
0.000000
0.000000
0.000000
0.000000
236.321747
0.000000
0.000000
0.000000
0.000000
0.000000
0.000000
0.000000
0.000000
0.000000
0.000000
0.000000
0.000000
0.000000
0.000000
0.000000
0.000000
0.000000
0.000000
0.000000
0.000000
0.000000
0.000000
0.000000
0.000000
0.000000
0.000000
0.000000
0.000000
357.649719
358.857513
0.000000
0.000000
268.419617
265.686646
264.158875
263.488098
263.071564
262.546875
261.814301
261.023987
260.522827
260.492035
260.869568
261.457275
262.094391
262.734589
263.385803
264.071869
264.721771
265.255157
265.662659
266.023224
266.433044
266.876465
267.240326
267.540283
267.735199
267.670166
267.224152
266.545776
265.862854
265.271149
264.713837
264.095581
263.551056
263.220734
263.087250
262.969604
262.758087
262.460968
262.164490
261.892029
261.690002
261.558075
261.395294
261.240448
261.201782
261.232697
261.356567
261.627899
261.962036
262.328247
262.765900
263.205017
263.566833
263.779663
263.866455
264.008636
264.285492
264.428131
264.182617
263.732330
263.393677
263.157898
262.914703
262.625061
262.343842
262.094391
261.829865
261.511566
261.194031
260.900421
260.607483
260.161652
259.549164
258.970001
258.597931
258.287445
257.728943
256.888214
256.105011
255.615143
254.994370
253.594025
251.310699
249.011856
248.045456
249.159592
252.158493
255.400482
126.558670
127.179131
0.000000
0.000000
0.000000
0.000000
0.000000
0.000000
269.181458
269.997223
0.000000
0.000000
162.832779
162.992249
277.935333
272.407196
269.337646
267.256531
265.542694
263.882263
262.156708
260.599792
259.617920
259.213531
259.152618
259.221161
259.312622
259.388885
259.510986
259.702026
259.939301
260.161652
260.392059
260.669128
261.008545
261.255920
261.263672
261.101257
260.915863
260.777008
260.622894
260.492035
260.461273
260.468964
260.499756
260.569000
260.561310
260.399750
260.161652
259.931610
259.732635
259.564453
259.541534
259.686737
259.939301
260.207703
260.445892
260.684509
261.147644
261.899811
262.750244
263.558960
264.293427
264.809204
264.960327
264.801270
264.602661
264.570892
264.666168
264.785339
264.809204
264.658203
264.483612
264.459839
264.539154
264.547089
264.451904
264.048126
263.181458
262.000977
260.653687
259.244019
258.279907
258.166504
258.522125
258.719299
258.651031
258.537292
258.567627
258.666199
258.931976
259.702026
261.201782
263.048035
264.713837
266.384766
268.444122
270.684998
272.685089
274.535461
276.298462
277.349762
276.801422
274.287842
270.709930
267.905945
266.803802
267.054230
115.740440
0.000000
0.000000
0.000000
330.460846
329.744263
322.911346
0.000000
0.000000
0.000000
0.000000
388.238403
368.713684
371.290253
374.045807
375.878967
377.778717
380.123260
382.812500
385.455841
387.743439
389.438354
390.438263
390.749603
390.524689
389.989380
389.214935
388.340973
387.607117
387.096802
386.774261
386.672516
386.774261
386.994873
387.232727
387.487915
387.760498
388.033417
388.204224
388.358063
388.631866
389.163422
390.006653
391.130829
392.278961
393.205841
393.820343
394.119507
394.066681
393.627014
392.925568
392.156860
391.460663
390.974792
390.766937
390.749603
390.853485
390.974792
391.044098
391.026794
390.957458
390.766937
390.490112
390.230957
390.230957
390.663055
391.408539
392.139435
392.698120
393.153259
393.504059
393.662109
393.662109
393.574280
393.433868
393.311035
393.258423
393.275940
393.293518
393.275940
393.468933
393.925873
394.330933
394.401459
394.189941
393.697266
392.838043
391.582306
390.144653
388.683228
386.842102
384.313721
381.273499
378.443329
377.035889
378.054016
381.191101
385.287445
388.683228
390.801544
392.156860
392.960571
393.925873
394.860565
197.443542
197.350754
386.842102
377.681671
369.904388
369.842346
387.385803
396.262024
397.781097
398.284058
398.391968
398.140198
397.691406
397.350983
397.172089
397.100525
397.064758
396.957550
396.671906
396.226410
395.710876
395.143616
394.542603
393.978668
393.574280
393.416290
393.486511
393.785156
394.101868
394.225189
394.154694
394.013855
393.890686
393.785156
393.662109
393.521606
393.363647
393.275940
393.170776
392.943085
392.558319
392.139435
391.738861
391.391174
391.096130
390.784241
390.611145
390.663055
390.818878
390.905457
390.940125
390.940125
390.905457
390.922791
391.009460
391.182861
391.356445
391.617096
392.069702
392.698120
393.240906
393.433868
393.416290
393.451416
393.679718
394.242798
395.019714
395.710876
396.048492
395.977356
395.622131
395.055115
394.313324
393.486511
392.803070
392.313873
392.069702
392.104553
392.418579
392.820557
393.030609
392.838043
392.244049
391.304352
390.058380
388.751740
387.624176
386.893005
386.536957
386.401489
386.452271
386.740326
387.249756
387.811646
388.221313
388.426483
388.358063
388.050507
387.692322
387.573059
387.896912
388.494904
389.335236
390.870819
393.837921
398.680115
404.828583
409.090912
404.828583
392.505920
386.452271
385.354767
384.313721
382.895569
0.000000
0.000000
492.187500
442.282623
432.586212
430.348877
429.573364
429.322418
429.280670
429.406036
429.761749
430.264893
430.622040
430.811310
430.832367
430.664062
430.285889
429.761749
429.259735
428.946625
429.009186
429.385132
429.782684
430.076050
430.411865
430.832367
431.148285
431.253662
431.169342
430.916565
430.558929
430.222931
430.034119
430.138977
430.495880
430.853424
430.958649
430.874451
430.832367
430.916565
430.916565
430.853424
430.895508
431.021820
431.106110
431.127197
431.295837
431.675812
432.098785
432.437744
432.734772
433.074738
433.372620
433.585693
433.777588
433.862976
433.820282
433.649628
433.479126
433.308777
432.989685
432.352936
431.696930
431.316925
431.232574
431.232574
431.232574
431.253662
431.338043
431.401337
431.359131
431.253662
431.127197
430.979736
430.811310
430.748199
430.790253
430.874451
431.021820
431.232574
431.443542
431.633545
431.971802
432.607391
433.543060
434.568420
435.512543
436.331268
437.109741
437.825775
438.478760
439.046234
439.615204
440.075836
440.119781
439.790558
439.286774
438.544159
437.500031
436.223358
434.696899
432.501373
429.406036
426.437164
426.664093
432.225830
438.064972
436.914856
428.321686
141.600311
0.000000
534.027588
464.088379
446.424072
443.060242
442.083130
441.706757
441.419342
440.977966
440.361481
439.724792
439.133667
438.500549
437.717133
436.698517
435.426544
433.862976
432.141083
430.727142
429.782684
429.050934
428.155334
426.932587
425.614075
424.794098
424.569183
424.426178
424.385315
424.794098
425.531891
426.251709
426.870605
427.553467
428.300903
428.988342
429.447845
429.824554
430.243896
430.600983
430.916565
431.295837
431.612427
431.760345
431.760345
431.654663
431.506866
431.295837
430.937622
430.411865
429.866486
429.406036
428.967468
428.550598
428.384094
428.508972
428.717255
429.134430
429.887421
430.790253
431.570190
432.098785
432.225830
432.056427
431.908325
431.887177
431.929474
431.950623
432.014099
432.183441
432.395355
432.543762
432.543762
432.565002
432.756012
433.159821
433.649628
434.119202
434.482758
434.632660
434.333008
433.159821
430.937622
427.947571
425.306183
424.773651
427.553467
432.395355
434.204681
431.908325
430.222931
428.758942
427.346283
426.457794
428.113770
432.162292
437.023102
438.980682
438.173798
850.202454
0.000000
0.000000
474.934052
473.099854
432.501373
398.716156
395.551178
393.908264
392.244049
390.801544
389.868713
389.438354
389.163422
388.854614
388.563354
388.546265
388.803162
389.129089
389.386780
389.593170
389.765350
389.868713
389.937653
390.127380
390.369110
390.541992
390.559265
390.403687
390.058380
389.748108
389.644806
389.748108
389.954926
390.230957
390.507385
390.749603
391.061462
391.443298
391.895508
392.418579
392.925568
393.118195
393.013092
392.838043
392.663177
392.366211
391.930328
391.425903
390.836182
390.127380
389.507141
389.180603
389.026123
388.768921
388.255493
387.641205
387.147766
386.825134
386.621643
386.689484
387.266754
388.238403
389.352417
390.386414
391.234924
391.669250
391.651855
391.234924
390.697662
390.196442
389.799774
389.662018
389.834259
390.110138
390.455536
390.818878
390.801544
390.058380
388.991791
388.340973
388.306763
388.546265
388.888885
389.421143
390.213684
391.547546
393.451416
395.427032
396.903961
398.212097
399.420349
400.163330
400.290466
399.583221
398.104248
396.761139
395.977356
394.295685
391.738861
0.000000
0.000000
198.966812
0.000000
0.000000
0.000000
0.000000
0.000000
0.000000
0.000000
0.000000
0.000000
0.000000
0.000000
0.000000
0.000000
0.000000
0.000000
0.000000
0.000000
0.000000
0.000000
0.000000
0.000000
0.000000
0.000000
540.706238
539.746643
0.000000
0.000000
0.000000
0.000000
0.000000
810.512756
787.710999
741.675110
690.573120
644.736816
629.146118
619.425537
607.856628
591.232117
0.000000
0.000000
0.000000
0.000000
0.000000
0.000000
156.028885
160.276215
606.268921
0.000000
0.000000
0.000000
0.000000
0.000000
0.000000
0.000000
0.000000
0.000000
0.000000
0.000000
0.000000
0.000000
0.000000
0.000000
0.000000
0.000000
0.000000
0.000000
0.000000
0.000000
0.000000
0.000000
0.000000
0.000000
0.000000
0.000000
0.000000
0.000000
0.000000
0.000000
0.000000
0.000000
0.000000
0.000000
0.000000
0.000000
0.000000
0.000000
0.000000
0.000000
0.000000
0.000000
0.000000
0.000000
0.000000
130.351883
0.000000
272.592407
269.428162
269.017273
282.656067
326.787720
331.990845
332.541565
331.554047
330.597076
330.287598
330.621887
331.242737
331.965820
332.792511
333.724304
334.699463
335.590881
336.397278
337.168854
337.840424
338.332886
338.657654
338.878876
339.100342
339.361298
339.674957
340.041626
340.527374
341.172852
341.993042
342.937134
343.846222
344.571625
345.029907
345.367676
345.543579
345.489441
345.300079
345.110931
344.975952
344.841064
344.733246
344.692810
344.773682
344.908478
345.029907
345.110931
345.191986
345.232513
345.164948
345.056915
344.975952
344.975952
345.056915
345.151459
345.164948
345.016418
344.760193
344.504364
344.289185
344.141388
344.127991
344.342957
344.773682
345.259552
345.733215
346.371338
347.298798
348.217468
348.809631
349.196289
349.653107
350.250183
350.737671
351.100677
351.352417
351.324432
350.709747
349.348450
347.394531
345.205475
343.324249
341.913483
340.830048
339.779663
338.397797
336.256226
334.242828
334.775696
336.705475
338.047607
338.371826
337.749878
337.362305
337.117310
335.693085
335.744171
337.143097
168.253174
354.060455
354.929565
354.145752
0.000000
0.000000
0.000000
0.000000
0.000000
0.000000
0.000000
0.000000
0.000000
0.000000
0.000000
268.272675
264.666168
264.127228
370.650543
349.680847
347.476654
345.692566
344.007202
342.697296
341.886963
341.516296
341.291656
340.974976
340.553711
340.238373
340.146576
340.264648
340.448517
340.566833
340.540527
340.461670
340.448517
340.487946
340.501099
340.461670
340.487946
340.672089
341.014557
341.423767
341.807465
342.099121
342.205322
342.205322
342.152222
342.019531
341.860474
341.794250
341.807465
341.807465
341.754517
341.648590
341.450195
341.133270
340.737885
340.251526
339.701141
339.256866
339.100342
339.178589
339.361298
339.674957
340.094086
340.501099
340.843231
341.093689
341.291656
341.450195
341.582458
341.622131
341.595642
341.529510
341.503082
341.529510
341.516296
341.370911
341.252045
341.331268
341.622131
341.979767
342.378021
342.883789
343.498077
344.154846
344.773682
345.381226
345.936615
346.371338
346.602753
346.534637
346.153839
345.638397
345.340637
345.394745
345.679016
345.990906
346.167450
346.140259
345.868805
345.124451
343.431183
340.028564
335.284729
333.951782
337.504333
341.318054
343.177307
344.356384
346.099518
173.400177
173.512741
173.615219
173.246902
172.751495
173.131287
173.899323
174.525604
115.118057
0.000000
0.000000
0.000000
0.000000
0.000000
0.000000
0.000000
0.000000
322.887695
322.710480
321.627808
320.832275
320.459229
320.470886
320.773926
321.206177
321.674744
322.156464
322.557037
322.793152
322.887695
322.970459
323.136078
323.373047
323.622223
323.788544
323.836121
323.764771
323.705353
323.717255
323.812317
323.955017
324.074066
324.169373
324.383972
324.706390
324.993561
325.197266
325.425232
325.677551
325.930328
326.159302
326.364471
326.557831
326.715088
326.811920
326.775574
326.533661
326.098999
325.545349
324.945679
324.467529
324.193207
324.085999
323.990723
323.919342
323.883667
323.812317
323.717255
323.669739
323.669739
323.693481
323.776642
324.074066
324.682495
325.533325
326.485291
327.199890
327.357758
326.957275
326.388611
326.050781
326.074921
326.328247
326.739258
327.491455
328.614014
329.805939
330.522766
330.535156
329.953979
329.006287
327.893250
326.666656
325.509308
324.407806
322.958618
320.925690
319.472626
320.867279
326.642487
338.293945
336.641235
334.015015
331.292480
327.868835
170.184845
170.692062
0.000000
0.000000
0.000000
0.000000
0.000000
0.000000
0.000000
0.000000
0.000000
358.390900
338.644623
333.383728
330.956848
329.658020
328.957184
328.503876
328.039581
327.515808
326.908844
326.243744
325.653534
325.245239
325.053436
325.029510
325.089386
325.137329
325.125336
325.077393
325.173279
325.497284
325.978485
326.533661
327.090668
327.503632
327.734833
327.820129
327.856689
327.929810
328.149414
328.516083
328.883606
329.178162
329.424072
329.596405
329.658020
329.547180
329.227325
328.736511
328.234924
327.893250
327.673950
327.479309
327.212036
326.945190
326.836151
326.920929
327.066437
327.163483
327.187744
327.114929
326.848236
326.340332
325.725677
325.149292
324.718353
324.467529
324.419769
324.503326
324.598846
324.706390
324.885803
325.029510
325.005524
324.921692
324.993561
325.269196
325.821930
326.896698
328.699738
330.994110
333.232605
334.801086
334.966400
333.043854
329.251892
326.074921
324.754242
323.053284
321.299774
321.206177
324.074066
327.078552
327.710510
166.562805
166.956909
110.073883
172.525085
172.592606
110.101364
110.284462
110.047791
109.873688
109.958611
110.212799
0.000000
0.000000
414.844086
413.696075
0.000000
290.686188
288.962402
288.357819
288.792114
289.683716
290.446869
290.916290
291.319855
291.685944
291.917664
292.043304
292.130371
292.188446
292.227142
292.285248
292.324005
292.236847
291.975647
291.637756
291.262115
290.858734
290.475586
290.112518
289.731293
289.398560
289.256195
289.303650
289.484070
289.721771
289.998047
290.313019
290.686188
291.098724
291.493164
291.801758
292.004639
292.198120
292.440308
292.634369
292.702362
