0.000000
0.000000
0.000000
0.000000
0.000000
0.000000
0.000000
0.000000
0.000000
0.000000
0.000000
0.000000
0.000000
0.000000
0.000000
0.000000
0.000000
0.000000
0.000000
0.000000
0.000000
0.000000
0.000000
0.000000
0.000000
0.000000
0.000000
0.000000
0.000000
0.000000
0.000000
0.000000
0.000000
0.000000
0.000000
0.000000
0.000000
0.000000
0.000000
0.000000
0.000000
0.000000
0.000000
0.000000
0.000000
0.000000
0.000000
0.000000
0.000000
0.000000
0.000000
0.000000
0.000000
0.000000
0.000000
0.000000
0.000000
0.000000
0.000000
0.000000
0.000000
0.000000
0.000000
0.000000
0.000000
0.000000
0.000000
0.000000
0.000000
0.000000
0.000000
0.000000
0.000000
0.000000
0.000000
0.000000
0.000000
0.000000
0.000000
0.000000
0.000000
0.000000
0.000000
0.000000
0.000000
0.000000
0.000000
0.000000
0.000000
0.000000
0.000000
0.000000
0.000000
0.000000
0.000000
0.000000
0.000000
0.000000
0.000000
0.000000
0.000000
0.000000
0.000000
0.000000
0.000000
263.236450
263.189301
263.716553
263.953308
263.519562
262.632904
262.258026
262.797211
263.228577
262.977448
262.640686
262.656342
262.812866
262.812866
262.726776
262.734589
262.805054
262.805054
262.726776
262.671997
262.695465
262.758087
262.820709
262.828552
262.765900
262.695465
262.687622
262.687622
262.671997
262.640686
262.593781
262.554718
262.570343
262.617249
262.609436
262.554718
262.515625
262.507812
262.507812
262.476562
262.453125
262.476562
262.554718
262.632904
262.656342
262.640686
262.648529
262.695465
262.711090
262.718933
262.758087
262.805054
262.820709
262.867706
262.930389
262.922546
262.875549
262.906860
262.969604
262.953918
262.899048
262.883362
262.867706
262.891205
262.993103
263.040161
262.891205
262.695465
262.664154
262.726776
262.664154
262.468750
262.343842
262.398468
262.539062
262.562531
262.460968
262.367249
262.398468
262.593781
262.797211
262.875549
262.922546
263.032318
263.110779
263.102936
263.165741
263.315033
263.385803
263.338623
263.322876
263.338623
263.307159
263.220734
263.157898
263.142212
263.110779
263.040161
262.985260
262.930389
262.867706
262.867706
262.946075
263.511688
264.032349
263.977020
263.921722
263.629852
262.993103
262.468750
262.609436
263.040161
263.048035
262.781555
262.687622
262.797211
262.852051
262.797211
262.773712
262.844208
262.891205
262.836365
262.765900
262.758087
262.797211
262.859863
262.891205
262.852051
262.781555
262.750244
262.750244
262.742401
262.711090
262.671997
262.617249
262.609436
262.648529
262.664154
262.625061
262.570343
262.554718
262.562531
262.546875
262.515625
262.507812
262.562531
262.640686
262.687622
262.679810
262.671997
262.711090
262.742401
262.750244
262.781555
262.828552
262.852051
262.883362
262.946075
262.961731
262.914703
262.922546
262.985260
262.993103
262.946075
262.914703
262.899048
262.899048
262.977448
263.063721
262.985260
262.773712
262.679810
262.734589
262.726776
262.562531
262.390686
262.382874
262.515625
262.585968
262.523438
262.414093
262.398468
262.546875
262.773712
262.899048
262.938232
263.024506
263.134338
263.134338
263.165741
263.299286
263.409393
263.385803
263.346466
263.362213
263.354340
263.275726
263.197174
263.165741
263.142212
263.087250
263.024506
262.969604
262.899048
262.875549
262.906860
263.189301
444.556458
400.363129
396.084076
393.873108
392.995605
392.943085
393.065643
392.978088
392.768097
392.785553
393.153259
393.521606
393.486511
393.240906
393.188324
393.223358
393.100677
392.995605
393.083160
393.170776
393.100677
393.030609
393.065643
393.065643
393.013092
392.978088
392.960571
392.873047
392.785553
392.768097
392.855560
392.908051
392.855560
392.785553
392.768097
392.733093
392.628204
392.575775
392.663177
392.820557
392.855560
392.803070
392.733093
392.628204
392.470978
392.418579
392.523376
392.663177
392.698120
392.610748
392.488434
392.436035
392.453491
392.505920
392.575775
392.593231
392.558319
392.523376
392.488434
392.453491
392.418579
392.453491
392.523376
392.593231
392.645660
392.663177
392.628204
392.540833
392.505920
392.558319
392.610748
392.593231
392.540833
392.523376
392.488434
392.453491
392.488434
392.593231
392.680634
392.680634
392.628204
392.558319
392.505920
392.488434
392.540833
392.663177
392.785553
392.820557
392.750610
392.628204
392.470978
392.366211
392.453491
392.680634
392.855560
392.943085
392.943085
392.908051
392.890533
392.978088
393.153259
393.293518
393.697266
396.886108
397.978516
396.030731
394.472046
393.679718
393.433868
393.328552
393.100677
392.820557
392.803070
393.153259
393.539185
393.539185
393.311035
393.240906
393.258423
393.153259
393.065643
393.170776
393.293518
393.223358
393.118195
393.100677
393.100677
393.065643
393.048126
393.048126
392.960571
392.855560
392.803070
392.855560
392.908051
392.855560
392.750610
392.715607
392.698120
392.610748
392.540833
392.628204
392.768097
392.838043
392.803070
392.733093
392.645660
392.470978
392.383667
392.488434
392.645660
392.698120
392.610748
392.488434
392.418579
392.436035
392.488434
392.558319
392.593231
392.558319
392.505920
392.488434
392.453491
392.401123
392.418579
392.505920
392.575775
392.628204
392.645660
392.628204
392.540833
392.488434
392.523376
392.593231
392.575775
392.540833
392.505920
392.488434
392.436035
392.453491
392.558319
392.663177
392.680634
392.628204
392.558319
392.488434
392.470978
392.505920
392.628204
392.750610
392.803070
392.750610
392.628204
392.470978
392.348755
392.418579
392.628204
392.838043
392.925568
392.943085
392.908051
392.873047
392.943085
393.118195
393.275940
393.398743
398.896484
430.201935
439.812531
442.304779
442.659973
442.060944
441.264740
440.757568
440.317505
439.768646
439.374298
439.089966
438.958862
439.155548
439.637146
439.834442
439.593292
439.461884
439.593292
439.549469
439.308655
439.286774
439.527588
439.702881
439.505707
439.221161
439.133667
439.199310
439.330566
439.527588
439.505707
439.155548
439.046234
439.396210
439.571411
439.308655
439.068085
439.155548
439.286774
439.352417
439.330566
439.199310
439.068085
439.177399
439.527588
439.922180
440.185669
440.119781
439.856354
439.593292
439.549469
439.812531
440.229584
440.471436
440.427460
440.207611
440.075836
440.185669
440.559448
440.823669
440.801636
440.713531
440.647461
440.625458
440.779602
441.022064
441.088226
440.911835
440.757568
440.603485
440.515442
440.515442
440.559448
440.493439
440.339478
440.119781
439.944153
439.834442
439.812531
439.812531
439.834442
439.724792
439.527588
439.418091
439.440002
439.418091
439.418091
439.440002
439.440002
439.330566
439.264923
439.264923
439.264923
439.286774
439.308655
439.286774
439.199310
439.177399
439.199310
439.199310
439.199310
439.286774
439.440002
439.308655
438.021454
437.695404
439.790558
441.441437
442.016663
441.662506
440.977966
440.427460
439.988037
439.571411
439.089966
438.827789
439.068085
439.527588
439.680939
439.527588
439.483765
439.549469
439.483765
439.352417
439.352417
439.440002
439.527588
439.549469
439.374298
439.133667
439.155548
439.396210
439.549469
439.527588
439.286774
439.111816
439.221161
439.440002
439.418091
439.221161
439.111816
439.133667
439.243011
439.308655
439.177399
438.980682
439.046234
439.330566
439.659027
439.988037
440.141724
439.900238
439.571411
439.440002
439.615204
439.966064
440.295532
440.383453
440.229584
439.988037
439.966064
440.273560
440.647461
440.713531
440.625458
440.559448
440.515442
440.559448
440.823669
440.977966
440.889771
440.691528
440.559448
440.427460
440.405457
440.471436
440.449432
440.339478
440.141724
439.944153
439.812531
439.746735
439.746735
439.768646
439.746735
439.571411
439.396210
439.396210
439.396210
439.374298
439.396210
439.418091
439.352417
439.243011
439.221161
439.243011
439.243011
439.264923
439.286774
439.221161
439.133667
439.155548
439.177399
439.155548
439.199310
439.352417
439.505707
436.655304
416.469910
403.255310
397.852844
395.055115
393.873108
393.609436
393.398743
393.048126
393.013092
393.398743
393.802734
393.820343
393.644562
393.556732
393.486511
393.293518
393.223358
393.328552
393.416290
393.328552
393.240906
393.205841
393.153259
393.100677
393.118195
393.100677
393.013092
392.890533
392.838043
392.855560
392.908051
392.890533
392.768097
392.715607
392.715607
392.645660
392.540833
392.575775
392.750610
392.838043
392.785553
392.733093
392.628204
392.470978
392.366211
392.436035
392.610748
392.680634
392.610748
392.488434
392.401123
392.401123
392.453491
392.523376
392.575775
392.540833
392.505920
392.470978
392.436035
392.401123
392.401123
392.488434
392.558319
392.610748
392.628204
392.610748
392.540833
392.470978
392.505920
392.575775
392.558319
392.523376
392.488434
392.470978
392.418579
392.436035
392.523376
392.628204
392.663177
392.610748
392.540833
392.470978
392.436035
392.470978
392.593231
392.733093
392.785553
392.733093
392.628204
392.453491
392.331299
392.383667
392.593231
392.803070
392.908051
392.925568
392.890533
392.855560
392.908051
393.083160
393.240906
393.311035
393.311035
393.275940
393.188324
393.048126
392.925568
392.978088
393.153259
393.258423
393.100677
392.855560
392.768097
392.838043
393.065643
393.398743
393.662109
393.662109
393.381195
393.013092
392.750610
392.733093
392.855560
392.925568
392.803070
392.558319
392.331299
392.139435
392.017426
392.069702
392.366211
392.645660
392.663177
392.575775
392.470978
392.401123
392.470978
392.680634
392.855560
392.838043
392.680634
392.505920
392.418579
392.418579
392.453491
392.523376
392.558319
392.575775
392.540833
392.418579
392.174316
391.982574
392.034851
392.313873
392.645660
392.838043
392.663177
392.296387
392.017426
391.930328
392.226624
389.335236
388.272583
386.333771
0.000000
0.000000
0.000000
0.000000
0.000000
0.000000
0.000000
0.000000
0.000000
0.000000
0.000000
0.000000
0.000000
0.000000
0.000000
0.000000
0.000000
0.000000
0.000000
0.000000
0.000000
0.000000
0.000000
0.000000
0.000000
0.000000
0.000000
0.000000
0.000000
0.000000
0.000000
0.000000
0.000000
0.000000
0.000000
0.000000
0.000000
0.000000
0.000000
0.000000
0.000000
359.897186
354.003632
352.799988
352.602539
352.236420
351.282471
350.138947
349.639282
349.791809
349.888916
349.902802
350.125031
350.236267
350.138947
350.027771
350.013916
349.986115
349.986115
350.180664
350.319733
350.194550
350.000000
349.972229
350.027771
349.972229
349.791809
349.653107
349.666962
349.764038
349.847290
349.861145
349.819519
349.805664
349.875061
349.972229
349.958344
349.847290
349.805664
349.861145
349.930573
349.986115
350.111145
350.347565
350.458923
350.319733
350.208466
350.347565
350.570374
350.626099
350.584290
350.695831
350.891144
350.919067
350.765564
350.709747
350.849274
350.988892
351.044769
351.086700
351.142609
351.128632
351.016815
350.905121
350.891144
350.988892
351.058746
351.100677
351.114655
351.100677
351.072723
351.072723
351.072723
351.044769
351.044769
351.072723
351.142609
351.142609
351.058746
350.974915
350.960968
350.988892
350.974915
350.947021
350.947021
350.974915
350.947021
350.849274
350.779510
350.779510
350.821350
350.779510
350.681885
350.640076
350.709747
350.765564
350.723724
350.653992
350.681885
350.723724
350.653992
350.542511
350.528595
350.556458
350.793457
352.447540
353.252167
352.785889
352.194244
351.366425
350.458923
349.986115
350.000000
350.041656
350.069458
350.305817
350.431091
350.333649
350.194550
350.152832
350.111145
350.111145
350.291931
350.445007
350.319733
350.097260
350.041656
350.097260
350.041656
349.861145
349.708557
349.708557
349.805664
349.888916
349.888916
349.847290
349.805664
349.875061
349.972229
349.972229
349.861145
349.805664
349.861145
349.944458
350.000000
350.125031
350.361511
350.500702
350.389313
350.250183
350.375397
350.598267
350.681885
350.640076
350.723724
350.919067
350.974915
350.849274
350.779510
350.877197
351.030823
351.086700
351.128632
351.184570
351.184570
351.086700
350.960968
350.947021
351.016815
351.100677
351.142609
351.156586
351.142609
351.114655
351.100677
351.114655
351.086700
351.072723
351.100677
351.170563
351.170563
351.100677
351.016815
350.988892
351.016815
351.002869
350.974915
350.974915
351.002869
350.974915
350.891144
350.807404
350.807404
350.849274
350.821350
350.723724
350.681885
350.737671
350.793457
350.751617
350.695831
350.709747
350.751617
350.695831
350.584290
350.542511
350.584290
350.570374
350.709747
349.113373
340.487946
335.527069
333.736938
332.316040
331.205414
331.056213
331.329803
331.242737
330.956848
330.869934
330.832703
330.783112
330.869934
331.031372
331.118378
331.018951
330.944427
330.981659
330.894775
330.609497
330.510406
330.683868
330.820312
330.795471
330.621887
330.448456
330.324707
330.250488
330.262878
330.386597
330.498016
330.473236
330.473236
330.584717
330.634277
330.498016
330.299957
330.238159
330.337067
330.448456
330.498016
330.621887
330.857544
331.006531
330.869934
330.646667
330.696259
330.956848
331.093536
331.068634
331.068634
331.230286
331.392090
331.342285
331.180511
331.155670
331.304932
331.429443
331.466797
331.504181
331.566467
331.566467
331.479279
331.354736
331.304932
331.367157
331.454346
331.504181
331.529083
331.529083
331.504181
331.479279
331.479279
331.479279
331.454346
331.441895
331.479279
331.529083
331.554047
331.491699
331.392090
331.354736
331.379608
331.392090
331.354736
331.342285
331.354736
331.367157
331.329803
331.230286
331.168121
331.192963
331.230286
331.192963
331.093536
331.056213
331.105927
331.180511
331.155670
331.081085
331.068634
331.479279
333.295532
333.951782
333.207397
332.503937
331.716156
330.820312
330.337067
330.436066
330.547546
330.522766
330.696259
330.894775
330.869934
330.708649
330.646667
330.683868
330.634277
330.659088
330.832703
330.919586
330.770691
330.584717
330.559906
330.609497
330.584717
330.436066
330.287598
330.250488
330.312347
330.386597
330.423706
330.411316
330.361816
330.337067
330.423706
330.522766
330.485596
330.374207
330.324707
330.374207
330.448456
330.485596
330.559906
330.770691
330.944427
330.882355
330.708649
330.721069
330.944427
331.105927
331.081085
331.056213
331.192963
331.367157
331.367157
331.217834
331.155670
331.292480
331.429443
331.479279
331.504181
331.566467
331.578949
331.504181
331.379608
331.317383
331.367157
331.454346
331.504181
331.529083
331.541565
331.516663
331.491699
331.479279
331.491699
331.466797
331.441895
331.479279
331.529083
331.554047
331.504181
331.404541
331.354736
331.379608
331.392090
331.367157
331.342285
331.367157
331.379608
331.342285
331.255157
331.180511
331.192963
331.230286
331.205414
331.118378
331.056213
331.105927
331.180511
331.168121
331.093536
331.068634
331.155670
331.143219
325.978485
295.794495
293.745422
293.422943
294.127472
294.795959
294.638367
294.127472
294.205933
294.766388
295.081970
294.835358
294.471161
294.589172
295.101715
295.378418
295.210388
294.894531
294.825500
295.002991
295.032593
294.766388
294.451477
294.461334
294.736847
294.894531
294.707306
294.412201
294.323761
294.431824
294.480988
294.382721
294.274658
294.353241
294.569519
294.726990
294.677765
294.539978
294.510468
294.599030
294.667908
294.608856
294.520325
294.500671
294.589172
294.736847
294.864929
294.904388
294.874817
294.864929
294.904388
294.973389
295.002991
294.983276
295.012878
295.111603
295.210388
295.180725
295.052368
294.963562
294.983276
295.091858
295.151093
295.170837
295.230133
295.319092
295.328979
295.200470
294.993164
294.825500
294.805817
294.864929
294.894531
294.864929
294.835358
294.864929
294.884644
294.805817
294.648224
294.520325
294.500671
294.559662
294.599030
294.628571
294.687622
294.756531
294.776245
294.707306
294.589172
294.539978
294.569519
294.608856
294.599030
294.589172
294.618713
294.677765
294.707306
294.658081
294.599030
294.628571
294.736847
294.855072
294.904388
294.372864
292.799500
292.207794
292.459717
293.149872
293.853088
294.147064
294.166718
294.255035
294.382721
294.441681
294.510468
294.608856
294.717163
294.835358
294.933960
294.993164
295.012878
295.022766
294.953674
294.825500
294.697449
294.599030
294.539978
294.559662
294.628571
294.638367
294.559662
294.451477
294.382721
294.353241
294.333588
294.323761
294.343414
294.421997
294.539978
294.638367
294.658081
294.579346
294.530151
294.549835
294.589172
294.599030
294.569519
294.539978
294.579346
294.736847
294.904388
294.943817
294.884644
294.845245
294.904388
295.002991
295.032593
295.012878
295.042480
295.151093
295.230133
295.170837
295.032593
294.973389
295.032593
295.131317
295.170837
295.190582
295.269653
295.348755
295.319092
295.151093
294.943817
294.825500
294.835358
294.894531
294.904388
294.864929
294.855072
294.894531
294.894531
294.786072
294.618713
294.520325
294.530151
294.589172
294.618713
294.658081
294.726990
294.786072
294.776245
294.687622
294.579346
294.559662
294.608856
294.628571
294.608856
294.608856
294.658081
294.707306
294.707306
294.648224
294.618713
294.677765
294.795959
295.259766
295.398224
286.456635
273.242645
268.943420
266.304352
264.048126
263.024506
263.448730
263.992798
263.763885
263.142212
262.844208
262.961731
263.110779
263.118652
262.993103
262.844208
262.750244
262.758087
262.875549
262.938232
262.891205
262.828552
262.805054
262.812866
262.805054
262.750244
262.671997
262.625061
262.648529
262.671997
262.625061
262.578156
262.570343
262.585968
262.570343
262.554718
262.523438
262.492188
262.460968
262.453125
262.492188
262.570343
262.625061
262.640686
262.625061
262.656342
262.711090
262.726776
262.718933
262.765900
262.812866
262.836365
262.883362
262.938232
262.922546
262.891205
262.930389
262.985260
262.969604
262.914703
262.899048
262.883362
262.914703
263.016632
263.055847
262.899048
262.703278
262.679810
262.734589
262.664154
262.476562
262.351654
262.421906
262.554718
262.570343
262.468750
262.375061
262.421906
262.625061
262.820709
262.899048
262.953918
263.071564
263.134338
263.126495
263.197174
263.346466
263.401520
263.354340
263.338623
263.354340
263.322876
263.228577
263.173615
263.157898
263.118652
263.048035
262.993103
262.938232
262.875549
262.875549
262.914703
262.883362
262.805054
262.781555
262.805054
262.805054
262.789368
262.844208
262.922546
262.953918
262.946075
262.961731
262.993103
262.985260
262.953918
262.946075
262.985260
263.008789
263.008789
262.977448
262.961731
262.953918
262.946075
262.930389
262.906860
262.875549
262.852051
262.812866
262.758087
262.703278
262.656342
262.625061
262.609436
262.593781
262.562531
262.531250
262.500000
262.492188
262.515625
262.531250
262.507812
262.468750
262.445312
262.484375
262.546875
262.562531
262.523438
262.476562
262.460968
262.460968
262.445312
262.414093
262.406281
262.414093
262.414093
262.414093
262.406281
262.343842
262.219055
262.125519
262.211273
262.226837
261.860931
0.000000
0.000000
0.000000
0.000000
0.000000
0.000000
0.000000
0.000000
0.000000
0.000000
0.000000
0.000000
0.000000
0.000000
0.000000
0.000000
0.000000
0.000000
0.000000
0.000000
0.000000
0.000000
0.000000
0.000000
0.000000
0.000000
0.000000
0.000000
0.000000
0.000000
0.000000
0.000000
0.000000
0.000000
0.000000
0.000000
0.000000
0.000000
0.000000
0.000000
0.000000
409.965607
402.831696
398.535980
395.764160
394.172333
393.468933
393.311035
393.223358
392.943085
392.715607
392.838043
393.258423
393.556732
393.433868
393.240906
393.240906
393.223358
393.065643
393.030609
393.170776
393.240906
393.118195
393.065643
393.065643
393.048126
393.013092
392.995605
392.960571
392.855560
392.768097
392.785553
392.855560
392.873047
392.768097
392.698120
392.698120
392.663177
392.558319
392.540833
392.663177
392.785553
392.803070
392.750610
392.680634
392.540833
392.401123
392.383667
392.523376
392.663177
392.663177
392.540833
392.436035
392.401123
392.436035
392.488434
392.558319
392.558319
392.523376
392.470978
392.453491
392.418579
392.383667
392.436035
392.523376
392.593231
392.610748
392.628204
392.593231
392.488434
392.470978
392.540833
392.575775
392.540833
392.505920
392.488434
392.436035
392.418579
392.470978
392.575775
392.645660
392.645660
392.575775
392.505920
392.453491
392.453491
392.523376
392.663177
392.768097
392.768097
392.680634
392.540833
392.383667
392.331299
392.470978
392.698120
392.855560
392.925568
392.925568
392.873047
392.873047
392.995605
393.170776
393.293518
393.679718
398.176178
398.716156
396.618378
394.842865
393.802734
393.416290
393.328552
393.100677
392.768097
392.715607
393.100677
393.539185
393.591858
393.363647
393.275940
393.293518
393.170776
393.048126
393.153259
393.293518
393.223358
393.118195
393.135712
393.153259
393.100677
393.065643
393.030609
392.960571
392.855560
392.820557
392.873047
392.943085
392.873047
392.768097
392.733093
392.733093
392.645660
392.558319
392.628204
392.785553
392.855560
392.803070
392.750610
392.645660
392.470978
392.401123
392.488434
392.663177
392.715607
392.628204
392.505920
392.418579
392.436035
392.488434
392.558319
392.593231
392.558319
392.505920
392.488434
392.453491
392.401123
392.418579
392.505920
392.575775
392.628204
392.645660
392.628204
392.540833
392.488434
392.523376
392.593231
392.575775
392.540833
392.505920
392.488434
392.436035
392.453491
392.558319
392.663177
392.680634
392.628204
392.558319
392.488434
392.470978
392.505920
392.628204
392.768097
392.803070
392.750610
392.628204
392.470978
392.348755
392.418579
392.628204
392.838043
392.925568
392.943085
392.908051
392.873047
392.943085
393.118195
393.275940
393.240906
390.836182
359.339996
352.771759
351.969360
351.142609
350.138947
349.722443
349.958344
350.083344
350.069458
350.333649
350.514648
350.347565
350.250183
350.347565
350.264099
350.069458
350.250183
350.570374
350.486786
350.166748
350.083344
350.194550
350.125031
349.930573
349.861145
349.888916
349.847290
349.833405
349.958344
350.013916
349.875061
349.833405
350.041656
350.152832
349.986115
349.819519
349.888916
349.986115
349.972229
350.041656
350.305817
350.514648
350.431091
350.250183
350.291931
350.514648
350.626099
350.612183
350.667938
350.835327
350.947021
350.863220
350.751617
350.793457
350.947021
351.030823
351.086700
351.142609
351.170563
351.100677
350.974915
350.905121
350.960968
351.044769
351.100677
351.128632
351.128632
351.100677
351.086700
351.086700
351.072723
351.058746
351.072723
351.128632
351.156586
351.128632
351.030823
350.960968
350.988892
351.002869
350.974915
350.960968
350.974915
350.974915
350.919067
350.821350
350.779510
350.821350
350.821350
350.737671
350.667938
350.681885
350.765564
350.765564
350.695831
350.667938
350.723724
350.709747
350.612183
350.528595
350.556458
350.570374
350.709747
351.941254
352.842346
353.040070
352.546173
351.338440
350.083344
349.722443
349.944458
349.972229
349.944458
350.125031
350.236267
350.138947
350.041656
350.041656
350.013916
350.013916
350.180664
350.291931
350.152832
350.000000
349.972229
350.013916
349.958344
349.791809
349.680847
349.694702
349.777924
349.847290
349.875061
349.833405
349.819519
349.902802
350.000000
349.972229
349.875061
349.847290
349.916687
349.986115
350.027771
350.166748
350.389313
350.472870
350.333649
350.250183
350.417175
350.626099
350.653992
350.626099
350.751617
350.933044
350.933044
350.793457
350.765564
350.905121
351.044769
351.086700
351.128632
351.184570
351.156586
351.030823
350.933044
350.947021
351.030823
351.114655
351.142609
351.156586
351.128632
351.100677
351.100677
351.100677
351.072723
351.072723
351.114655
351.170563
351.156586
351.072723
350.988892
350.988892
351.002869
350.988892
350.960968
350.974915
350.988892
350.960968
350.863220
350.793457
350.807404
350.849274
350.793457
350.695831
350.681885
350.751617
350.793457
350.737671
350.681885
350.709747
350.737671
350.653992
350.556458
350.556458
350.584290
350.486786
349.237762
343.043854
336.769775
334.890076
333.800079
332.441284
331.180511
330.671448
330.795471
331.006531
331.292480
331.653748
331.716156
331.379608
330.969269
330.708649
330.522766
330.559906
330.907166
331.205414
331.180511
330.944427
330.770691
330.683868
330.547546
330.337067
330.250488
330.324707
330.423706
330.522766
330.597076
330.584717
330.436066
330.262878
330.262878
330.473236
330.559906
330.460846
330.386597
330.436066
330.485596
330.473236
330.448456
330.584717
330.845123
330.907166
330.733459
330.671448
330.857544
331.056213
331.056213
330.981659
331.068634
331.267609
331.354736
331.230286
331.118378
331.192963
331.354736
331.429443
331.454346
331.504181
331.554047
331.504181
331.392090
331.292480
331.292480
331.392090
331.466797
331.491699
331.516663
331.504181
331.466797
331.454346
331.466797
331.454346
331.416962
331.429443
331.491699
331.529083
331.516663
331.416962
331.342285
331.342285
331.379608
331.354736
331.329803
331.329803
331.354736
331.342285
331.267609
331.180511
331.155670
331.205414
331.205414
331.130829
331.043823
331.056213
331.130829
331.168121
331.105927
331.043823
331.081085
331.031372
331.105927
331.791016
332.529053
332.541565
331.554047
330.238159
329.818298
330.163971
330.262878
330.188690
330.361816
330.535156
330.498016
330.361816
330.349457
330.361816
330.275238
330.361816
330.634277
330.708649
330.522766
330.361816
330.386597
330.473236
330.423706
330.238159
330.102173
330.126862
330.238159
330.312347
330.337067
330.324707
330.299957
330.337067
330.448456
330.510406
330.423706
330.337067
330.337067
330.398926
330.448456
330.498016
330.609497
330.845123
330.969269
330.845123
330.683868
330.770691
331.018951
331.118378
331.068634
331.093536
331.267609
331.404541
331.342285
331.180511
331.192963
331.342285
331.454346
331.491699
331.529083
331.578949
331.566467
331.466797
331.354736
331.317383
331.392090
331.479279
331.516663
331.541565
331.541565
331.504181
331.479279
331.491699
331.479279
331.454346
331.454346
331.491699
331.541565
331.554047
331.479279
331.379608
331.354736
331.392090
331.392090
331.354736
331.342285
331.367157
331.367157
331.317383
331.230286
331.180511
331.205414
331.230286
331.180511
331.093536
331.068634
331.130829
331.192963
331.155670
331.081085
331.081085
331.056213
330.163971
296.022797
293.931396
294.009796
294.421997
294.608856
294.382721
294.235382
294.667908
295.081970
294.874817
294.343414
294.323761
294.855072
295.289429
295.220245
294.884644
294.835358
295.170837
295.368561
295.101715
294.658081
294.490814
294.658081
294.835358
294.795959
294.599030
294.480988
294.539978
294.579346
294.461334
294.294281
294.284485
294.412201
294.539978
294.569519
294.559662
294.599030
294.658081
294.638367
294.569519
294.520325
294.549835
294.608856
294.608856
294.579346
294.658081
294.845245
294.963562
294.933960
294.845245
294.845245
294.943817
295.022766
295.012878
295.002991
295.091858
295.190582
295.160950
295.042480
294.943817
294.983276
295.081970
295.141205
295.151093
295.220245
295.309204
295.309204
295.160950
294.953674
294.795959
294.786072
294.855072
294.874817
294.845245
294.815643
294.855072
294.874817
294.786072
294.618713
294.500671
294.490814
294.549835
294.589172
294.618713
294.677765
294.746704
294.756531
294.677765
294.569519
294.520325
294.559662
294.599030
294.579346
294.569519
294.608856
294.667908
294.687622
294.628571
294.579346
294.618713
294.726990
294.855072
294.884644
294.845245
294.795959
294.795959
294.815643
294.855072
294.904388
294.953674
295.002991
295.072083
295.111603
295.101715
295.032593
294.963562
294.953674
295.002991
295.032593
295.002991
294.983276
294.983276
295.022766
295.091858
295.131317
295.141205
295.131317
295.141205
295.190582
295.230133
295.240021
295.259766
295.259766
295.249878
295.230133
295.220245
295.230133
295.259766
295.289429
295.289429
295.249878
295.240021
295.259766
295.299316
295.309204
295.279541
295.249878
295.269653
295.328979
295.358643
295.299316
295.180725
295.111603
295.160950
295.259766
295.309204
295.338898
295.358643
295.437775
295.596222
295.804382
298.265198
298.497345
0.000000
0.000000
0.000000
0.000000
0.000000
0.000000
0.000000
0.000000
0.000000
0.000000
0.000000
0.000000
0.000000
0.000000
0.000000
0.000000
0.000000
0.000000
0.000000
0.000000
0.000000
0.000000
0.000000
0.000000
0.000000
0.000000
0.000000
0.000000
0.000000
0.000000
0.000000
0.000000
0.000000
0.000000
0.000000
0.000000
0.000000
0.000000
0.000000
0.000000
0.000000
0.000000
410.538086
403.089447
398.698120
395.888519
394.225189
393.504059
393.328552
393.240906
392.960571
392.733093
392.838043
393.240906
393.556732
393.451416
393.258423
393.258423
393.240906
393.083160
393.030609
393.170776
393.240906
393.135712
393.065643
393.083160
393.048126
393.013092
393.013092
392.978088
392.873047
392.785553
392.785553
392.873047
392.890533
392.785553
392.715607
392.698120
392.680634
392.575775
392.540833
392.663177
392.785553
392.820557
392.768097
392.698120
392.558319
392.401123
392.383667
392.523376
392.663177
392.663177
392.558319
392.436035
392.401123
392.436035
392.488434
392.558319
392.575775
392.523376
392.488434
392.470978
392.418579
392.401123
392.436035
392.523376
392.593231
392.628204
392.645660
392.593231
392.505920
392.488434
392.540833
392.575775
392.558319
392.505920
392.488434
392.453491
392.418579
392.470978
392.575775
392.663177
392.645660
392.593231
392.505920
392.470978
392.453491
392.523376
392.663177
392.768097
392.785553
392.698120
392.558319
392.401123
392.331299
392.470978
392.698120
392.855560
392.925568
392.925568
392.873047
392.873047
392.995605
393.170776
393.293518
394.225189
400.508575
399.854919
396.493591
394.278046
393.293518
393.135712
393.205841
393.048126
392.750610
392.680634
393.030609
393.468933
393.504059
393.293518
393.223358
393.240906
393.100677
392.978088
393.083160
393.223358
393.170776
393.065643
393.048126
393.048126
392.995605
392.960571
392.925568
392.855560
392.768097
392.750610
392.803070
392.855560
392.785553
392.698120
392.680634
392.680634
392.593231
392.523376
392.593231
392.733093
392.803070
392.768097
392.698120
392.610748
392.436035
392.366211
392.453491
392.610748
392.663177
392.593231
392.470978
392.401123
392.418579
392.470978
392.540833
392.575775
392.540833
392.488434
392.470978
392.436035
392.401123
392.418579
392.505920
392.575775
392.610748
392.645660
392.628204
392.540833
392.470978
392.523376
392.575775
392.575775
392.523376
392.505920
392.470978
392.436035
392.453491
392.558319
392.645660
392.663177
392.610748
392.540833
392.488434
392.453491
392.505920
392.628204
392.750610
392.803070
392.733093
392.628204
392.453491
392.331299
392.418579
392.628204
392.820557
392.925568
392.943085
392.890533
392.873047
392.943085
393.118195
393.258423
393.416290
391.947754
367.515320
357.896454
355.101044
353.124878
351.366425
350.361511
350.208466
350.138947
349.930573
350.194550
350.653992
350.681885
350.361511
350.291931
350.361511
350.236267
350.194550
350.458923
350.556458
350.291931
350.083344
350.194550
350.264099
350.013916
349.722443
349.791809
349.986115
350.000000
349.930573
349.972229
350.000000
349.944458
349.958344
350.069458
350.041656
349.888916
349.875061
350.000000
350.041656
350.069458
350.264099
350.500702
350.458923
350.236267
350.291931
350.556458
350.667938
350.598267
350.640076
350.863220
350.960968
350.835327
350.723724
350.807404
350.960968
351.030823
351.072723
351.128632
351.156586
351.072723
350.947021
350.891144
350.960968
351.044769
351.100677
351.128632
351.114655
351.086700
351.072723
351.072723
351.058746
351.044769
351.058746
351.128632
351.156586
351.100677
351.002869
350.960968
350.974915
350.988892
350.960968
350.947021
350.974915
350.960968
350.891144
350.793457
350.779510
350.821350
350.807404
350.723724
350.653992
350.681885
350.765564
350.751617
350.667938
350.667938
350.723724
350.695831
350.584290
350.514648
350.556458
350.556458
350.403259
350.626099
351.618561
352.391235
352.320862
351.338440
350.208466
349.875061
350.083344
350.097260
350.111145
350.319733
350.403259
350.305817
350.222382
350.208466
350.152832
350.166748
350.375397
350.486786
350.319733
350.138947
350.125031
350.152832
350.055573
349.847290
349.736298
349.777924
349.875061
349.916687
349.930573
349.888916
349.888916
349.972229
350.041656
350.000000
349.902802
349.875061
349.944458
350.013916
350.083344
350.236267
350.472870
350.556458
350.417175
350.333649
350.514648
350.709747
350.723724
350.709747
350.835327
351.002869
350.988892
350.849274
350.835327
350.960968
351.086700
351.128632
351.170563
351.212524
351.184570
351.058746
350.960968
350.974915
351.058746
351.128632
351.156586
351.170563
351.156586
351.128632
351.114655
351.114655
351.086700
351.086700
351.128632
351.184570
351.170563
351.086700
351.002869
351.002869
351.030823
351.002869
350.988892
350.988892
351.002869
350.960968
350.877197
350.807404
350.835327
350.863220
350.807404
350.709747
350.695831
350.765564
350.807404
350.751617
350.695831
350.737671
350.751617
350.667938
350.570374
350.570374
350.598267
350.584290
349.972229
344.773682
338.983063
336.474274
334.686768
332.729767
331.192963
330.745850
330.683868
330.460846
330.621887
331.130829
331.379608
331.317383
331.168121
331.031372
330.795471
330.572327
330.621887
330.857544
330.944427
330.832703
330.783112
330.832703
330.770691
330.510406
330.188690
330.052765
330.213409
330.448456
330.535156
330.522766
330.485596
330.423706
330.398926
330.386597
330.349457
330.349457
330.361816
330.411316
330.498016
330.559906
330.597076
330.708649
330.869934
330.869934
330.721069
330.696259
330.907166
331.118378
331.130829
331.068634
331.155670
331.329803
331.379608
331.242737
331.155670
331.255157
331.416962
331.479279
331.504181
331.554047
331.591431
331.529083
331.404541
331.329803
331.342285
331.441895
331.504181
331.529083
331.541565
331.529083
331.491699
331.479279
331.491699
331.466797
331.441895
331.466797
331.516663
331.554047
331.529083
331.429443
331.367157
331.379608
331.392090
331.379608
331.342285
331.354736
331.379608
331.354736
331.267609
331.192963
331.180511
331.230286
331.217834
331.143219
331.068634
331.093536
331.168121
331.180511
331.105927
331.068634
331.118378
331.118378
330.845123
331.081085
331.703644
331.815948
331.155670
330.299957
330.040436
330.238159
330.275238
330.262878
330.448456
330.572327
330.485596
330.349457
330.324707
330.324707
330.262878
330.349457
330.559906
330.584717
330.398926
330.262878
330.287598
330.337067
330.275238
330.126862
330.028076
330.052765
330.151611
330.225769
330.250488
330.225769
330.201050
330.250488
330.374207
330.423706
330.374207
330.287598
330.299957
330.374207
330.436066
330.473236
330.597076
330.820312
330.944427
330.820312
330.671448
330.770691
331.006531
331.105927
331.056213
331.081085
331.255157
331.404541
331.329803
331.180511
331.192963
331.354736
331.466797
331.491699
331.541565
331.591431
331.578949
331.479279
331.367157
331.329803
331.404541
331.491699
331.529083
331.541565
331.541565
331.516663
331.491699
331.491699
331.491699
331.466797
331.454346
331.504181
331.554047
331.554047
331.479279
331.392090
331.367157
331.392090
331.392090
331.367157
331.354736
331.379608
331.379608
331.317383
331.230286
331.180511
331.217834
331.242737
331.192963
331.093536
331.068634
331.143219
331.192963
331.155670
331.081085
331.093536
331.105927
330.411316
294.353241
293.130402
293.735657
294.274658
294.372864
294.137268
294.215759
294.766388
295.032593
294.687622
294.284485
294.510468
295.042480
295.240021
294.993164
294.756531
294.953674
295.358643
295.408112
295.022766
294.599030
294.539978
294.707306
294.786072
294.687622
294.559662
294.559662
294.618713
294.569519
294.382721
294.255035
294.323761
294.461334
294.530151
294.520325
294.549835
294.638367
294.687622
294.618713
294.530151
294.520325
294.599030
294.648224
294.608856
294.549835
294.648224
294.864929
294.983276
294.933960
294.825500
294.845245
294.963562
295.042480
295.022766
295.002991
295.091858
295.200470
295.170837
295.042480
294.953674
294.993164
295.091858
295.141205
295.160950
295.230133
295.319092
295.319092
295.180725
294.963562
294.815643
294.795959
294.864929
294.884644
294.855072
294.825500
294.855072
294.884644
294.795959
294.628571
294.510468
294.500671
294.559662
294.599030
294.628571
294.687622
294.756531
294.766388
294.687622
294.579346
294.530151
294.569519
294.608856
294.589172
294.579346
294.618713
294.677765
294.697449
294.638367
294.589172
294.618713
294.736847
294.864929
294.904388
294.855072
294.805817
294.805817
294.825500
294.864929
294.914215
294.963562
295.022766
295.081970
295.131317
295.121490
295.062225
294.983276
294.973389
295.022766
295.042480
295.022766
294.993164
294.993164
295.042480
295.111603
295.151093
295.151093
295.141205
295.160950
295.210388
295.240021
295.249878
295.259766
295.259766
295.249878
295.240021
295.220245
295.240021
295.279541
295.319092
295.299316
295.259766
295.249878
295.279541
295.328979
295.358643
295.338898
295.269653
295.259766
295.328979
295.378418
295.338898
295.240021
295.180725
295.180725
295.210388
295.220245
295.220245
295.210388
295.081970
294.825500
294.953674
296.291321
297.350159
0.000000
0.000000
0.000000
0.000000
0.000000
0.000000
0.000000
0.000000
0.000000
0.000000
0.000000
0.000000
0.000000
0.000000
0.000000
0.000000
0.000000
0.000000
0.000000
0.000000
0.000000
0.000000
0.000000
0.000000
0.000000
0.000000
0.000000
0.000000
0.000000
0.000000
0.000000
0.000000
0.000000
0.000000
0.000000
0.000000
0.000000
0.000000
0.000000
0.000000
0.000000
378.605774
0.000000
263.079407
263.440857
263.898041
263.834900
263.102936
262.312653
262.421906
263.071564
263.157898
262.773712
262.585968
262.718933
262.828552
262.758087
262.703278
262.758087
262.812866
262.758087
262.679810
262.656342
262.703278
262.773712
262.820709
262.789368
262.711090
262.671997
262.679810
262.671997
262.640686
262.609436
262.562531
262.546875
262.585968
262.609436
262.578156
262.523438
262.500000
262.500000
262.492188
262.453125
262.445312
262.500000
262.585968
262.648529
262.640686
262.625061
262.656342
262.695465
262.695465
262.718933
262.765900
262.789368
262.812866
262.875549
262.914703
262.867706
262.852051
262.914703
262.938232
262.899048
262.852051
262.844208
262.836365
262.906860
263.000977
262.961731
262.758087
262.625061
262.664154
262.687622
262.546875
262.351654
262.312653
262.429718
262.531250
262.484375
262.367249
262.312653
262.429718
262.656342
262.805054
262.844208
262.922546
263.040161
263.063721
263.063721
263.181458
263.315033
263.322876
263.275726
263.291443
263.299286
263.236450
263.150024
263.118652
263.102936
263.055847
262.993103
262.946075
262.883362
262.844208
262.883362
263.126495
262.953918
262.429718
262.844208
263.275726
263.150024
262.578156
262.359467
262.828552
263.150024
262.922546
262.656342
262.687622
262.820709
262.820709
262.765900
262.781555
262.828552
262.812866
262.742401
262.703278
262.726776
262.773712
262.828552
262.828552
262.773712
262.711090
262.687622
262.687622
262.656342
262.625061
262.585968
262.554718
262.562531
262.601593
262.593781
262.546875
262.507812
262.500000
262.500000
262.468750
262.437531
262.468750
262.546875
262.632904
262.656342
262.632904
262.648529
262.695465
262.711090
262.718933
262.765900
262.805054
262.828552
262.875549
262.938232
262.930389
262.891205
262.930389
262.985260
262.977448
262.930389
262.906860
262.891205
262.922546
263.016632
263.063721
262.914703
262.718933
262.687622
262.742401
262.679810
262.492188
262.367249
262.429718
262.554718
262.578156
262.484375
262.390686
262.429718
262.625061
262.828552
262.906860
262.961731
263.071564
263.150024
263.142212
263.205017
263.354340
263.409393
263.370087
263.346466
263.362213
263.330750
263.244293
263.181458
263.165741
263.126495
263.055847
263.000977
262.946075
262.883362
262.883362
262.985260
131.960861
402.353912
397.404694
394.719177
393.240906
392.785553
392.838043
392.855560
392.698120
392.680634
392.978088
393.381195
393.451416
393.223358
393.153259
393.223358
393.170776
393.065643
393.100677
393.188324
393.153259
393.065643
393.083160
393.118195
393.048126
392.978088
392.943085
392.890533
392.803070
392.768097
392.820557
392.890533
392.873047
392.785553
392.750610
392.715607
392.645660
392.558319
392.610748
392.768097
392.838043
392.803070
392.750610
392.663177
392.505920
392.401123
392.470978
392.628204
392.698120
392.645660
392.523376
392.436035
392.436035
392.488434
392.558319
392.593231
392.575775
392.523376
392.488434
392.470978
392.418579
392.418579
392.505920
392.575775
392.628204
392.645660
392.645660
392.558319
392.488434
392.523376
392.593231
392.593231
392.540833
392.523376
392.488434
392.453491
392.453491
392.540833
392.645660
392.680634
392.645660
392.575775
392.505920
392.470978
392.505920
392.610748
392.750610
392.820557
392.768097
392.663177
392.505920
392.366211
392.401123
392.610748
392.820557
392.925568
392.943085
392.925568
392.873047
392.925568
393.100677
393.258423
393.381195
396.814667
400.963776
397.942596
395.108185
393.574280
393.118195
393.170776
393.170776
392.908051
392.680634
392.838043
393.275940
393.539185
393.398743
393.240906
393.240906
393.188324
393.013092
393.013092
393.170776
393.223358
393.118195
393.048126
393.048126
393.013092
392.960571
392.943085
392.908051
392.820557
392.768097
392.785553
392.855560
392.838043
392.750610
392.698120
392.698120
392.663177
392.558319
392.558319
392.680634
392.785553
392.803070
392.750610
392.680634
392.540833
392.401123
392.401123
392.558319
392.680634
392.645660
392.540833
392.436035
392.418579
392.453491
392.505920
392.575775
392.575775
392.523376
392.488434
392.470978
392.436035
392.418579
392.470978
392.558319
392.610748
392.645660
392.645660
392.593231
392.505920
392.505920
392.575775
392.593231
392.558319
392.523376
392.505920
392.470978
392.453491
392.505920
392.628204
392.680634
392.663177
392.593231
392.523376
392.470978
392.488434
392.575775
392.715607
392.803070
392.785553
392.698120
392.558319
392.401123
392.366211
392.523376
392.750610
392.890533
392.943085
392.925568
392.890533
392.890533
393.030609
393.205841
393.311035
393.416290
400.472198
431.000793
438.413391
440.801636
441.773102
441.728851
441.000000
440.383453
440.097778
439.702881
439.068085
438.805969
439.177399
439.527588
439.527588
439.483765
439.637146
439.593292
439.352417
439.308655
439.440002
439.418091
439.330566
439.505707
439.461884
439.024414
438.958862
439.352417
439.505707
439.396210
439.264923
439.199310
439.155548
439.308655
439.461884
439.352417
439.089966
439.024414
439.264923
439.418091
439.221161
439.002533
439.089966
439.330566
439.571411
439.944153
440.229584
440.031921
439.615204
439.483765
439.659027
439.944153
440.273560
440.449432
440.361481
440.075836
439.988037
440.251587
440.647461
440.779602
440.713531
440.625458
440.581451
440.603485
440.823669
441.022064
440.977966
440.801636
440.647461
440.515442
440.449432
440.493439
440.515442
440.405457
440.229584
440.009979
439.856354
439.790558
439.768646
439.790558
439.790558
439.637146
439.440002
439.396210
439.418091
439.396210
439.396210
439.440002
439.396210
439.286774
439.243011
439.264923
439.264923
439.286774
439.308655
439.243011
439.155548
439.155548
439.199310
439.177399
439.199310
439.330566
439.461884
439.834442
440.471436
441.839508
442.860016
443.060242
442.659973
441.839508
441.066162
440.515442
440.053894
439.549469
439.111816
439.111816
439.505707
439.856354
439.812531
439.659027
439.680939
439.659027
439.505707
439.396210
439.461884
439.571411
439.680939
439.615204
439.308655
439.111816
439.264923
439.505707
439.615204
439.505707
439.243011
439.199310
439.418091
439.527588
439.374298
439.177399
439.133667
439.221161
439.374298
439.352417
439.133667
439.002533
439.177399
439.483765
439.834442
440.119781
440.075836
439.746735
439.461884
439.483765
439.746735
440.119781
440.361481
440.339478
440.119781
439.944153
440.075836
440.471436
440.713531
440.691528
440.581451
440.537415
440.515442
440.669525
440.933868
440.955902
440.779602
440.625458
440.493439
440.405457
440.427460
440.471436
440.427460
440.251587
440.053894
439.878326
439.768646
439.746735
439.768646
439.768646
439.680939
439.461884
439.374298
439.396210
439.396210
439.374298
439.418091
439.396210
439.286774
439.221161
439.243011
439.243011
439.243011
439.286774
439.264923
439.177399
439.133667
439.177399
439.177399
439.155548
439.264923
439.418091
439.593292
429.636139
407.785858
399.709961
396.066284
394.295685
393.644562
393.468933
393.170776
392.925568
393.153259
393.697266
393.943451
393.714844
393.521606
393.539185
393.416290
393.205841
393.205841
393.363647
393.381195
393.258423
393.223358
393.205841
393.118195
393.083160
393.118195
393.048126
392.925568
392.838043
392.838043
392.890533
392.890533
392.820557
392.733093
392.715607
392.680634
392.593231
392.558319
392.663177
392.803070
392.838043
392.768097
392.698120
392.558319
392.401123
392.383667
392.523376
392.663177
392.663177
392.540833
392.436035
392.401123
392.436035
392.488434
392.558319
392.558319
392.523376
392.488434
392.453491
392.418579
392.383667
392.436035
392.523376
392.593231
392.628204
392.628204
392.593231
392.488434
392.470978
392.540833
392.575775
392.540833
392.505920
392.488434
392.453491
392.418579
392.470978
392.593231
392.663177
392.645660
392.575775
392.505920
392.453491
392.453491
392.523376
392.663177
392.768097
392.768097
392.680634
392.540833
392.383667
392.331299
392.470978
392.715607
392.873047
392.925568
392.925568
392.873047
392.873047
392.995605
393.170776
393.293518
393.328552
393.293518
393.240906
393.118195
392.978088
392.925568
393.065643
393.223358
393.205841
392.960571
392.785553
392.803070
392.943085
393.223358
393.556732
393.697266
393.539185
393.188324
392.855560
392.715607
392.803070
392.925568
392.890533
392.680634
392.418579
392.209167
392.034851
391.982574
392.191742
392.523376
392.680634
392.610748
392.505920
392.418579
392.418579
392.575775
392.768097
392.820557
392.698120
392.523376
392.436035
392.401123
392.418579
392.505920
392.575775
392.575775
392.523376
392.436035
392.278961
392.104553
392.069702
392.191742
392.383667
392.540833
392.593231
392.453491
392.122009
391.860657
392.401123
394.613220
397.315216
403.107849
0.000000
0.000000
0.000000
0.000000
0.000000
0.000000
0.000000
0.000000
0.000000
0.000000
0.000000
0.000000
0.000000
0.000000
0.000000
0.000000
0.000000
0.000000
0.000000
0.000000
0.000000
0.000000
0.000000
0.000000
0.000000
0.000000
0.000000
0.000000
0.000000
0.000000
0.000000
0.000000
0.000000
0.000000
0.000000
0.000000
0.000000
0.000000
0.000000
0.000000
0.000000
0.000000
355.372894
353.068329
352.644836
352.447540
351.758789
350.612183
349.764038
349.708557
349.888916
349.888916
350.027771
350.222382
350.208466
350.069458
350.027771
350.027771
349.986115
350.097260
350.291931
350.277985
350.083344
349.972229
350.013916
350.027771
349.888916
349.708557
349.666962
349.736298
349.833405
349.875061
349.847290
349.805664
349.847290
349.944458
349.986115
349.902802
349.819519
349.847290
349.916687
349.972229
350.055573
350.264099
350.458923
350.431091
350.250183
350.277985
350.514648
350.653992
350.626099
350.653992
350.835327
350.960968
350.863220
350.737671
350.793457
350.960968
351.044769
351.086700
351.142609
351.170563
351.086700
350.960968
350.905121
350.960968
351.058746
351.114655
351.128632
351.128632
351.100677
351.086700
351.086700
351.072723
351.058746
351.072723
351.128632
351.156586
351.114655
351.016815
350.960968
350.988892
350.988892
350.960968
350.960968
350.974915
350.974915
350.905121
350.807404
350.779510
350.821350
350.821350
350.737671
350.667938
350.695831
350.765564
350.765564
350.681885
350.667938
350.723724
350.709747
350.598267
350.528595
350.556458
350.570374
350.947021
352.517975
353.280457
353.266327
352.687134
351.506470
350.319733
349.958344
350.111145
350.111145
350.111145
350.319733
350.417175
350.333649
350.250183
350.250183
350.194550
350.208466
350.361511
350.431091
350.264099
350.097260
350.083344
350.111145
350.013916
349.833405
349.708557
349.736298
349.819519
349.875061
349.875061
349.819519
349.805664
349.902802
349.986115
349.944458
349.833405
349.819519
349.902802
349.972229
350.027771
350.180664
350.417175
350.472870
350.319733
350.250183
350.445007
350.653992
350.667938
350.653992
350.793457
350.960968
350.933044
350.793457
350.793457
350.933044
351.058746
351.100677
351.142609
351.184570
351.142609
351.030823
350.933044
350.947021
351.044769
351.114655
351.142609
351.156586
351.128632
351.100677
351.100677
351.100677
351.072723
351.072723
351.114655
351.170563
351.156586
351.058746
350.988892
350.988892
351.016815
350.988892
350.960968
350.974915
350.988892
350.947021
350.849274
350.793457
350.821350
350.835327
350.779510
350.681885
350.681885
350.751617
350.793457
350.723724
350.681885
350.723724
350.737671
350.653992
350.556458
350.556458
350.584290
350.445007
348.478851
340.290894
335.335724
334.103577
333.182220
331.903381
330.807892
330.498016
330.683868
330.869934
331.143219
331.479279
331.491699
331.168121
330.807892
330.621887
330.485596
330.547546
330.882355
331.130829
331.081085
330.845123
330.696259
330.621887
330.510406
330.324707
330.250488
330.312347
330.398926
330.498016
330.559906
330.535156
330.398926
330.250488
330.299957
330.498016
330.559906
330.448456
330.398926
330.448456
330.498016
330.485596
330.485596
330.646667
330.894775
330.932037
330.758270
330.721069
330.919586
331.105927
331.105927
331.043823
331.130829
331.342285
331.404541
331.267609
331.168121
331.255157
331.404541
331.479279
331.504181
331.554047
331.591431
331.541565
331.416962
331.329803
331.342285
331.441895
331.504181
331.529083
331.541565
331.529083
331.491699
331.479279
331.491699
331.479279
331.454346
331.466797
331.516663
331.566467
331.529083
331.441895
331.367157
331.379608
331.404541
331.379608
331.354736
331.354736
331.379608
331.354736
331.280060
331.192963
331.180511
331.230286
331.230286
331.143219
331.068634
331.081085
331.168121
331.192963
331.118378
331.068634
331.105927
330.969269
330.783112
331.466797
332.353607
332.491425
331.641266
330.572327
330.299957
330.572327
330.597076
330.559906
330.745850
330.907166
330.857544
330.733459
330.721069
330.696259
330.597076
330.696259
330.932037
330.969269
330.758270
330.597076
330.609497
330.671448
330.584717
330.386597
330.262878
330.287598
330.374207
330.436066
330.436066
330.411316
330.374207
330.411316
330.510406
330.535156
330.436066
330.349457
330.349457
330.411316
330.473236
330.510406
330.646667
330.882355
330.994110
330.857544
330.708649
330.820312
331.056213
331.155670
331.093536
331.130829
331.304932
331.441895
331.354736
331.205414
331.217834
331.379608
331.479279
331.504181
331.554047
331.591431
331.578949
331.479279
331.367157
331.342285
331.416962
331.491699
331.529083
331.554047
331.554047
331.516663
331.491699
331.504181
331.491699
331.466797
331.466797
331.504181
331.554047
331.554047
331.479279
331.392090
331.367157
331.404541
331.392090
331.367157
331.354736
331.379608
331.379608
331.317383
331.230286
331.180511
331.217834
331.242737
331.180511
331.093536
331.068634
331.143219
331.205414
331.155670
331.081085
331.093536
331.230286
330.547546
299.064148
294.795959
293.471741
293.608521
294.431824
294.835358
294.441681
294.068634
294.392517
294.943817
295.052368
294.687622
294.441681
294.756531
295.249878
295.368561
295.081970
294.825500
294.884644
295.042480
294.973389
294.638367
294.412201
294.539978
294.825500
294.864929
294.599030
294.353241
294.353241
294.471161
294.461334
294.333588
294.284485
294.421997
294.648224
294.736847
294.628571
294.510468
294.530151
294.638367
294.667908
294.579346
294.500671
294.520325
294.638367
294.786072
294.894531
294.904388
294.864929
294.874817
294.933960
294.993164
295.002991
294.993164
295.042480
295.160950
295.220245
295.151093
295.022766
294.963562
295.032593
295.121490
295.160950
295.190582
295.269653
295.338898
295.299316
295.141205
294.924103
294.815643
294.825500
294.894531
294.894531
294.855072
294.845245
294.884644
294.884644
294.766388
294.608856
294.510468
294.530151
294.579346
294.608856
294.648224
294.717163
294.786072
294.766388
294.667908
294.569519
294.549835
294.599030
294.618713
294.599030
294.599030
294.648224
294.707306
294.697449
294.638367
294.608856
294.658081
294.786072
294.874817
294.864929
293.853088
292.479126
292.198120
292.644104
293.422943
294.029388
294.176514
294.196136
294.313934
294.421997
294.480988
294.559662
294.667908
294.776245
294.884644
294.973389
295.022766
295.042480
295.022766
294.924103
294.795959
294.667908
294.579346
294.539978
294.589172
294.648224
294.628571
294.520325
294.421997
294.372864
294.343414
294.333588
294.333588
294.363037
294.461334
294.589172
294.658081
294.638367
294.559662
294.530151
294.559662
294.599030
294.589172
294.549835
294.539978
294.628571
294.805817
294.933960
294.924103
294.855072
294.855072
294.943817
295.022766
295.022766
295.002991
295.072083
295.190582
295.210388
295.111603
294.993164
294.973389
295.062225
295.141205
295.170837
295.210388
295.299316
295.338898
295.259766
295.072083
294.874817
294.805817
294.845245
294.904388
294.884644
294.845245
294.855072
294.894531
294.855072
294.717163
294.559662
294.510468
294.539978
294.599030
294.628571
294.667908
294.746704
294.786072
294.746704
294.638367
294.549835
294.569519
294.608856
294.608856
294.599030
294.608856
294.667908
294.707306
294.687622
294.618713
294.618713
294.697449
294.855072
295.695312
293.110901
279.264160
270.701599
267.637695
265.207306
263.346466
262.969604
263.629852
263.921722
263.480194
262.930389
262.828552
263.008789
263.102936
263.048035
262.914703
262.789368
262.734589
262.789368
262.899048
262.914703
262.852051
262.805054
262.805054
262.805054
262.781555
262.711090
262.640686
262.625061
262.664154
262.648529
262.601593
262.570343
262.578156
262.585968
262.562531
262.539062
262.507812
262.476562
262.453125
262.460968
262.515625
262.593781
262.632904
262.632904
262.632904
262.679810
262.718933
262.718933
262.726776
262.781555
262.820709
262.844208
262.906860
262.938232
262.899048
262.883362
262.946075
262.977448
262.938232
262.899048
262.883362
262.883362
262.938232
263.040161
263.008789
262.812866
262.664154
262.695465
262.726776
262.593781
262.398468
262.351654
262.468750
262.570343
262.531250
262.421906
262.367249
262.476562
262.695465
262.852051
262.906860
262.977448
263.095093
263.126495
263.126495
263.244293
263.370087
263.377930
263.338623
263.338623
263.346466
263.283569
263.197174
263.157898
263.134338
263.087250
263.024506
262.969604
262.906860
262.867706
262.891205
262.914703
262.852051
262.781555
262.781555
262.805054
262.797211
262.797211
262.867706
262.946075
262.953918
262.946075
262.977448
263.000977
262.969604
262.938232
262.953918
262.993103
263.008789
262.993103
262.969604
262.953918
262.953918
262.946075
262.922546
262.891205
262.867706
262.836365
262.789368
262.734589
262.679810
262.640686
262.625061
262.609436
262.585968
262.554718
262.515625
262.492188
262.492188
262.523438
262.523438
262.484375
262.453125
262.453125
262.507812
262.554718
