0.000000
0.000000
0.000000
1396.895752
1460.990601
1404.906006
1394.907471
1393.364990
701.057190
143.225998
143.421631
143.433289
143.298126
143.246933
143.351700
143.400650
143.305130
143.156265
142.977570
142.773895
711.232971
727.842896
731.525269
729.528503
1441.883301
1427.646484
125.809486
1320.359375
1328.313232
1332.728882
137.039520
136.780228
136.693329
136.731461
136.799332
136.814194
136.867264
136.931015
136.880005
136.650970
136.302521
135.842789
135.234589
134.691437
1358.176880
1353.798950
1349.449219
1354.630615
1362.162109
1366.171021
1374.259888
1391.606201
1404.682373
1403.564575
1398.667969
1401.334595
0.000000
0.000000
0.000000
0.000000
1443.299072
1422.810181
710.774475
0.000000
0.000000
0.000000
108.264702
108.169098
108.078964
107.928192
0.000000
0.000000
0.000000
0.000000
0.000000
0.000000
0.000000
0.000000
105.387680
105.370049
105.336075
105.352432
104.779213
104.375000
103.761040
103.060257
298.719757
0.000000
0.000000
0.000000
0.000000
0.000000
0.000000
1564.107178
0.000000
0.000000
0.000000
0.000000
0.000000
0.000000
0.000000
0.000000
0.000000
0.000000
0.000000
0.000000
0.000000
0.000000
0.000000
0.000000
0.000000
0.000000
0.000000
0.000000
0.000000
0.000000
0.000000
0.000000
0.000000
0.000000
0.000000
882.264648
0.000000
0.000000
0.000000
0.000000
0.000000
0.000000
0.000000
0.000000
0.000000
0.000000
0.000000
0.000000
0.000000
0.000000
97.439186
505.386200
506.809174
508.738556
513.208435
520.261902
96.060646
95.926910
95.824776
95.789391
95.887283
96.010445
96.002090
95.982239
513.477295
0.000000
0.000000
0.000000
0.000000
0.000000
0.000000
0.000000
0.000000
0.000000
0.000000
0.000000
0.000000
0.000000
0.000000
0.000000
0.000000
0.000000
0.000000
0.000000
535.129272
543.940796
552.493103
560.747681
562.464111
561.104370
560.213379
560.498230
561.711853
560.142273
553.602844
299.612732
0.000000
0.000000
0.000000
0.000000
0.000000
0.000000
0.000000
0.000000
0.000000
0.000000
0.000000
0.000000
0.000000
0.000000
0.000000
0.000000
0.000000
0.000000
0.000000
0.000000
0.000000
0.000000
0.000000
0.000000
0.000000
0.000000
0.000000
0.000000
0.000000
0.000000
0.000000
0.000000
901.011353
889.112915
871.283264
0.000000
0.000000
0.000000
0.000000
0.000000
0.000000
0.000000
0.000000
0.000000
0.000000
0.000000
0.000000
0.000000
0.000000
247.933884
248.667847
254.317932
257.405518
259.000397
272.938263
274.066254
275.014832
276.393738
277.672852
278.224640
278.101837
277.358490
276.047699
533.736755
523.784058
0.000000
265.726685
267.070404
267.971100
268.493164
268.968048
269.428162
269.609344
269.584595
269.625824
269.757782
269.774261
269.617584
269.444611
269.370544
269.189697
268.722198
268.264496
268.028076
267.816498
267.410492
266.787659
265.870880
264.467773
263.252136
262.429718
261.558075
260.507416
259.503357
258.023010
0.000000
0.000000
255.282196
254.427963
252.541153
251.504181
251.410980
251.784195
252.281128
252.816238
253.462830
254.149368
254.699814
255.119751
255.489258
255.778214
255.652176
254.876465
253.725342
252.519470
251.432480
250.489914
249.603821
248.625793
247.815460
247.308228
246.789230
245.887924
245.552490
246.183060
246.189911
245.231598
243.659866
243.115845
243.216431
244.213089
246.258652
246.747787
245.819412
244.273956
243.505157
230.576187
229.394791
227.448547
227.730453
3508.353271
229.460434
244.267212
246.059418
246.906662
246.858292
246.520203
246.217407
246.320541
246.602921
247.141891
248.059402
4414.415039
0.000000
0.000000
0.000000
0.000000
0.000000
0.000000
0.000000
0.000000
3438.596680
3466.981201
3535.070312
0.000000
0.000000
0.000000
0.000000
0.000000
0.000000
0.000000
0.000000
0.000000
0.000000
0.000000
0.000000
0.000000
0.000000
0.000000
0.000000
0.000000
0.000000
0.000000
0.000000
0.000000
0.000000
0.000000
2858.995361
3002.042480
3099.086426
3128.769287
3113.307373
3096.910156
3086.074463
3061.437012
3034.055908
3052.959473
3115.506836
3157.895020
3137.673584
3074.241943
3035.100098
3024.691650
3019.513916
3005.110840
2990.844482
2998.980225
3019.513916
3051.903320
3090.399658
3092.566895
3059.313477
3018.480713
2983.762207
2966.700439
2973.702148
2990.844482
3012.295166
3068.893799
0.000000
0.000000
3263.041260
3230.769287
3174.946045
3144.385010
3178.378662
3276.374756
3381.901855
3511.146729
3634.116455
0.000000
3589.743652
0.000000
0.000000
0.000000
3117.709473
3188.720459
3229.586426
3208.439697
3241.455566
3338.380127
3361.280518
3324.538330
3282.471191
3269.088379
3327.046631
3328.302246
3277.592285
3222.506592
3217.803955
3257.016602
3310.810791
3356.164551
3381.901855
0.000000
0.000000
0.000000
0.000000
0.000000
0.000000
0.000000
0.000000
0.000000
0.000000
0.000000
0.000000
0.000000
0.000000
0.000000
0.000000
0.000000
0.000000
0.000000
0.000000
0.000000
0.000000
0.000000
1692.573364
1699.094727
0.000000
0.000000
0.000000
997.060852
997.737549
1009.962219
0.000000
0.000000
0.000000
0.000000
0.000000
0.000000
0.000000
0.000000
0.000000
0.000000
0.000000
0.000000
0.000000
0.000000
0.000000
0.000000
0.000000
0.000000
0.000000
0.000000
0.000000
0.000000
0.000000
0.000000
1348.211548
0.000000
0.000000
2443.213379
2421.081787
1218.568726
0.000000
0.000000
0.000000
0.000000
0.000000
0.000000
0.000000
0.000000
0.000000
0.000000
0.000000
0.000000
0.000000
695.419067
0.000000
0.000000
0.000000
0.000000
0.000000
0.000000
0.000000
0.000000
0.000000
0.000000
0.000000
0.000000
0.000000
0.000000
0.000000
0.000000
337.982849
0.000000
0.000000
0.000000
0.000000
0.000000
0.000000
0.000000
888.217590
900.551392
926.957397
946.859863
950.431091
0.000000
0.000000
0.000000
0.000000
0.000000
0.000000
0.000000
1046.635864
1067.150635
1094.428589
1129.466064
1149.934814
0.000000
1099.202393
1089.426880
1098.381104
1109.015503
1111.811401
1112.091797
1126.149170
1143.820557
1128.598877
1098.244385
1086.073120
1097.970825
1096.605713
1069.479736
0.000000
0.000000
0.000000
0.000000
0.000000
1002.614502
0.000000
0.000000
0.000000
0.000000
0.000000
0.000000
0.000000
0.000000
1127.012451
1135.135132
1147.690308
0.000000
0.000000
0.000000
0.000000
1116.031860
1115.890625
1115.749634
1121.281494
1214.708740
1233.221558
1227.386597
1157.936279
1072.992798
1082.208618
0.000000
0.000000
0.000000
0.000000
0.000000
0.000000
0.000000
0.000000
0.000000
0.000000
0.000000
0.000000
0.000000
0.000000
0.000000
0.000000
0.000000
0.000000
0.000000
0.000000
0.000000
0.000000
0.000000
0.000000
833.412109
839.840027
0.000000
0.000000
0.000000
0.000000
0.000000
0.000000
0.000000
0.000000
0.000000
0.000000
0.000000
0.000000
0.000000
0.000000
0.000000
0.000000
0.000000
0.000000
0.000000
0.000000
1085.404907
1110.132202
1128.598877
0.000000
0.000000
0.000000
0.000000
1174.121460
1191.730835
1195.608032
1205.247314
1241.204712
1235.640259
1148.287964
1100.299438
1065.603516
1042.553223
2077.738525
261.186279
261.465057
260.000580
0.000000
0.000000
0.000000
0.000000
0.000000
0.000000
0.000000
218.684906
217.627319
217.032913
215.790375
213.647278
212.070206
207.539169
208.264465
208.767273
208.831528
208.117035
207.705353
208.940369
215.737595
227.103027
233.636185
236.492813
236.873901
236.575287
237.889740
0.000000
0.000000
9865.773438
9966.103516
0.000000
0.000000
0.000000
0.000000
0.000000
0.000000
0.000000
0.000000
0.000000
0.000000
0.000000
1094.428589
1090.369629
1092.801392
1091.178955
1086.340698
0.000000
226.508133
229.323212
233.358032
475.343567
216.942154
215.184937
213.911514
212.105911
210.190170
208.461349
206.562225
204.602402
202.553741
200.045364
198.572617
197.006912
0.000000
0.000000
0.000000
0.000000
0.000000
0.000000
0.000000
0.000000
0.000000
0.000000
0.000000
0.000000
0.000000
0.000000
0.000000
0.000000
0.000000
0.000000
148.073532
147.309357
141.398270
141.203598
139.343109
137.801743
133.190369
131.287125
131.035507
396.386688
395.870728
0.000000
0.000000
0.000000
1626.706055
1624.907959
1620.727783
1613.021240
1604.219727
0.000000
0.000000
0.000000
0.000000
0.000000
0.000000
0.000000
0.000000
0.000000
0.000000
643.279114
641.221375
627.981506
610.127319
608.275879
605.769287
603.489563
602.541321
601.596069
596.348938
586.943481
583.410522
0.000000
0.000000
0.000000
0.000000
369.130310
619.599548
652.077515
101.532188
101.812309
102.103424
102.329681
102.387894
102.241905
101.788803
100.985809
204.128876
204.431671
204.479065
204.540710
834.200378
837.288818
0.000000
0.000000
0.000000
0.000000
0.000000
0.000000
0.000000
0.000000
0.000000
0.000000
0.000000
1063.932373
1064.703125
4125.351562
2136.627930
2167.608887
224.793564
224.919678
225.103363
224.073990
222.766647
222.015259
221.580215
221.580215
221.819824
221.942627
220.814667
217.772400
214.129639
211.196777
209.366913
207.876678
206.185577
203.751617
633.120361
632.303345
641.081543
188.917694
187.699509
187.368546
187.205505
187.468109
189.274445
194.102112
198.702347
200.199753
201.236618
202.735321
203.671631
201.899963
198.890549
196.108948
194.981766
193.837631
191.277573
0.000000
0.000000
0.000000
0.000000
0.000000
0.000000
0.000000
0.000000
206.809219
0.000000
0.000000
0.000000
0.000000
0.000000
0.000000
0.000000
0.000000
191.339813
0.000000
0.000000
0.000000
0.000000
235.778458
209.850113
247.544220
247.100357
0.000000
0.000000
0.000000
184.762344
185.633408
0.000000
0.000000
0.000000
0.000000
1167.129761
1168.676270
1170.226929
0.000000
0.000000
