1868.644165
692.960388
1750.000122
1770.373413
1780.020264
1786.510010
1791.954590
156.263840
156.396835
156.582886
156.813934
157.222061
157.725311
157.990891
157.971085
157.835403
157.798691
157.917343
158.180740
158.482010
158.684464
158.741592
158.664474
158.527603
158.359665
158.203430
158.189255
158.305649
158.408020
158.322708
157.979584
157.488754
156.942291
156.316467
155.871704
155.929565
156.214035
156.455109
156.683014
157.009338
157.353882
157.575974
157.750717
158.112686
158.758728
159.513870
160.244186
160.957718
161.639130
162.165146
162.478806
162.541687
162.398041
162.159195
162.022156
162.126389
162.709610
163.873520
165.883011
168.761841
170.033936
0.000000
0.000000
0.000000
0.000000
214.671677
214.833771
205.522552
194.050873
196.954132
0.000000
0.000000
0.000000
0.000000
0.000000
0.000000
0.000000
0.000000
0.000000
0.000000
0.000000
0.000000
0.000000
0.000000
0.000000
0.000000
0.000000
184.762344
181.859421
178.654617
165.134521
163.852203
163.212433
162.727615
162.102570
161.113541
159.939072
158.821609
157.059677
155.987488
155.580261
155.216110
154.908051
154.783005
154.758560
154.603943
154.255142
153.830063
153.327316
152.610992
151.726273
150.926605
150.399017
150.071472
149.816559
149.590408
149.499130
149.697037
150.206924
150.846588
151.413712
151.841202
152.166031
152.421112
152.642685
152.947098
153.564911
154.698837
156.178070
157.337036
158.033371
158.405182
158.667343
158.901749
158.887436
158.322708
157.115631
156.194656
155.723083
155.314499
154.850937
154.449615
154.247040
154.233551
154.276718
154.279419
154.260529
154.441498
155.136917
155.511673
154.034241
153.580948
0.000000
0.000000
0.000000
0.000000
216.542679
215.779816
176.838562
0.000000
222.873611
217.455612
207.925690
187.567780
183.436630
182.843399
185.426559
207.309906
3348.519531
3356.164551
3393.613281
3439.937988
3491.686768
1684.170410
1651.376099
1613.611450
1578.099854
0.000000
0.000000
0.000000
0.000000
215.748154
270.776398
274.142914
298.841248
296.759888
289.645660
281.906219
275.504486
268.787720
256.656494
242.514221
240.759949
240.189545
239.980408
239.908615
239.830322
239.654373
239.329224
238.843155
238.178818
237.441452
236.778519
236.397751
236.144577
235.753235
235.250183
234.793030
234.537048
234.455994
234.356308
234.175888
234.020554
233.995712
234.225616
234.861801
235.602097
236.163544
236.505508
236.848480
237.447830
238.243164
238.959625
239.478699
239.804245
239.732544
239.134567
238.050247
236.784882
235.614685
234.624405
233.797211
232.938950
232.001465
231.174484
230.467728
229.861099
229.633682
230.112961
231.313934
232.766800
233.667145
233.586700
232.521347
230.811508
228.811584
227.009491
226.484863
228.586227
233.172943
232.466202
0.000000
0.000000
0.000000
219.873367
227.724564
118.489464
118.898369
243.203003
245.894775
0.000000
0.000000
1900.452515
922.208313
919.516296
2145.463623
2137.663574
2110.047852
304.884369
277.445740
276.056335
272.887604
241.161499
239.212387
238.146683
237.045807
235.614685
233.939850
232.417191
231.344269
230.672668
230.293228
230.161011
230.185028
230.154999
229.998947
229.873077
229.837128
229.783249
229.645630
229.508209
229.466400
229.555984
229.783249
230.167007
230.757156
231.660233
232.908188
234.088852
234.543289
234.300293
233.679520
232.871292
232.001465
231.271469
230.823593
230.763199
230.992859
231.259354
231.313934
231.011002
230.359375
229.603806
229.090912
228.930374
229.073059
229.370926
229.693481
230.016937
230.323288
230.576187
230.793381
231.059418
231.471756
232.050308
232.662430
233.166794
233.592896
233.933640
234.163437
234.337631
234.718048
235.721725
237.288132
238.597626
239.309753
239.615311
239.830322
240.182999
240.615448
241.036301
241.385925
241.710068
242.094864
242.634308
243.444672
244.544861
245.593521
246.299911
246.796127
247.148819
247.197311
247.038071
247.287399
249.370911
255.444855
263.645599
266.924927
268.329773
269.881592
272.163422
275.126343
278.470612
281.807129
284.424377
285.825409
286.214935
286.326447
286.680084
287.277710
287.821442
288.301239
288.716492
288.905609
289.161377
289.693237
290.590424
292.159424
294.009796
295.705231
297.500580
299.551697
301.456024
302.967865
304.033081
304.179901
302.863800
300.500824
298.983063
299.094604
300.398499
301.930725
302.531372
301.817047
300.000000
297.520660
295.121490
292.964874
290.897095
288.915100
287.137390
285.769836
284.764130
283.939087
283.328003
282.937134
282.601715
282.456909
282.547394
282.420746
281.546265
280.204590
279.113922
278.136932
276.879608
275.547516
274.543976
273.496857
271.794403
269.609344
267.735199
266.336517
265.143555
264.594696
265.063873
266.256104
268.142151
270.626862
272.415619
272.146637
269.766022
267.151306
265.207306
263.189301
260.869568
258.757263
256.993011
255.770798
255.852402
258.257202
263.063721
266.063354
261.178558
256.978027
256.708771
263.472321
267.118927
267.702667
266.949158
266.248077
265.943024
266.135590
266.924927
268.444122
270.113007
270.951111
270.651764
269.592865
268.297150
266.957245
265.470764
263.929626
262.687622
261.977600
261.620148
261.372040
261.317871
261.892029
263.346466
265.526672
267.905945
270.286835
273.065002
275.470062
276.705872
277.140625
277.114502
276.645111
275.935455
275.237946
274.552521
274.006653
273.896027
274.032196
274.168457
274.467072
275.006226
275.556122
275.883636
275.918152
275.642212
275.006226
273.862030
272.037506
269.559906
266.569946
263.173615
259.572083
253.688858
251.346497
266.674744
4334.152832
4317.181152
4269.119629
4248.555176
4279.476074
4319.295410
4357.707520
4403.395020
4425.489746
4403.395020
4342.688477
4269.119629
4204.004395
4154.499023
4131.147949
4170.213379
4250.603027
4289.883301
4287.797852
4262.929199
4230.216309
4216.061523
4202.001465
4186.046875
4196.003906
4214.047363
0.000000
0.000000
0.000000
0.000000
120.631874
4032.922363
3909.574463
2015.539429
2019.230957
2021.081665
0.000000
269.428162
260.699921
241.089005
237.979599
234.225616
231.867310
230.588242
229.939011
229.454468
229.037369
228.799713
228.722580
228.698853
228.734436
228.971954
229.454468
230.130981
230.751114
231.101791
231.210846
231.313934
231.435318
231.459610
231.374603
231.241165
231.113907
231.041260
231.119965
231.344269
231.544678
231.593323
231.526443
231.356400
231.017044
230.558105
230.112961
229.747330
229.466400
229.287430
229.358994
229.855103
230.672668
231.629807
232.680847
233.586700
234.057800
234.281616
234.493393
234.699310
234.836792
234.874313
234.786774
234.718048
234.961899
235.375748
235.614685
235.614685
235.482590
235.482590
235.753235
236.264771
236.937546
237.755081
238.875488
239.915131
240.254974
240.019592
239.660889
239.485184
239.478699
239.348709
238.720322
237.646179
236.670502
236.011887
235.495148
234.936874
234.064011
232.846695
231.775894
231.162369
230.998901
230.920273
230.702835
231.477844
232.215256
231.059418
228.278595
227.859879
231.126022
232.086945
118.792686
120.353691
119.977142
238.301102
238.455719
227.848099
226.235062
0.000000
235.212540
0.000000
0.000000
245.347580
2318.611816
2299.270020
2301.069824
2293.291748
2287.344482
2327.177002
2372.881592
2350.746582
2311.320801
2286.158691
2287.344482
2313.139160
2319.831543
2293.291748
2279.658936
2318.611816
2390.891846
2392.188721
2340.143311
2329.020508
2403.924805
2455.456787
2461.624512
2427.077637
2360.813965
2301.069824
2301.670166
2336.424072
2371.605469
2401.960938
2426.409912
2429.752197
2417.763184
2408.520020
0.000000
0.000000
0.000000
0.000000
0.000000
0.000000
0.000000
0.000000
0.000000
0.000000
0.000000
0.000000
0.000000
0.000000
0.000000
0.000000
0.000000
4546.392090
4534.704590
0.000000
0.000000
2742.537354
2793.791748
0.000000
0.000000
0.000000
0.000000
0.000000
0.000000
0.000000
0.000000
0.000000
0.000000
0.000000
0.000000
0.000000
0.000000
0.000000
0.000000
482.336212
794.165344
791.457336
780.185791
1382.011963
768.761475
773.616333
769.767822
757.666870
739.374634
714.980530
1345.332520
218.479065
202.572357
199.061127
196.532822
177.933792
176.675613
176.463531
176.941437
177.984070
179.231857
180.978760
183.162354
184.403091
185.492859
187.062561
189.363861
193.099213
195.132736
196.349060
197.218369
197.744553
197.930939
197.842133
197.562943
197.134613
196.607300
196.130753
195.739014
195.426743
195.180252
195.158646
195.530731
196.309723
197.372833
198.644165
199.714691
200.600433
201.452652
202.284302
203.094772
204.081635
205.580032
207.441559
208.975021
210.285385
211.607208
212.899490
214.244080
215.226944
215.885452
216.585220
218.641556
223.608154
228.361328
233.500107
241.220886
263.205017
278.005402
301.620941
323.147949
327.893250
331.541565
335.233734
337.633484
340.277771
348.231201
353.436188
356.004028
358.420013
360.441376
361.861023
363.217072
364.824615
366.309509
367.975311
369.981964
371.697083
372.812592
373.998230
375.590851
377.019745
377.649323
377.600830
377.245514
376.810364
376.536865
376.681610
377.423065
378.443329
379.191742
379.387482
379.436432
379.730469
380.106903
380.237976
380.041351
379.518097
378.183685
375.878967
373.586365
371.587463
369.408630
366.949585
364.598389
362.903229
361.712616
360.573975
359.383911
358.201691
357.302002
356.752838
356.421265
356.032776
355.015289
352.941193
350.069458
346.425751
340.474823
331.803467
321.124298
308.964172
288.716492
264.562958
251.597443
244.666992
241.696808
239.582779
237.832001
235.087158
232.074738
227.842224
221.346649
211.622437
205.503387
201.420456
394.419098
387.726410
372.214722
178.755997
176.682693
174.311752
171.282089
168.507126
166.292725
164.160217
161.722107
160.058075
159.562912
159.088043
157.666122
155.511673
154.058441
152.487000
151.333176
150.409271
149.702133
149.059494
148.587402
148.339996
148.260208
148.504852
149.072113
149.605637
149.926056
150.237625
150.885300
151.979874
634.669373
639.408447
644.077698
159.338089
160.831497
162.998291
164.693588
166.186203
167.229156
167.856125
168.375229
169.166443
169.840744
170.040482
170.260406
170.761459
171.488571
172.268997
172.842896
173.301376
173.731491
174.067490
174.239426
174.428955
174.812698
175.522385
176.633163
178.070297
179.315674
180.117630
180.774750
181.488953
181.848175
181.979492
182.582230
183.532059
184.029877
184.018372
184.014526
184.237457
184.569031
184.859161
184.917297
184.770081
184.708176
184.979340
185.524078
186.107361
186.658768
187.261139
187.895447
188.590485
189.363861
190.024780
190.509109
190.933884
191.248535
191.140778
190.562622
189.824387
189.254135
188.966263
189.059418
189.657028
190.361084
191.618317
194.573135
195.691254
195.852020
195.817230
195.712952
195.426743
194.912811
194.230347
193.514420
192.883865
192.458755
192.332855
192.525970
192.926041
193.344742
193.688644
193.854675
193.769501
193.510162
193.268478
193.137268
193.073853
193.031601
192.985138
192.866989
192.626892
192.295105
191.956116
191.684952
191.510162
191.343964
191.190491
191.161499
191.256836
191.277573
191.045563
190.628510
190.340546
190.365189
190.591446
190.805847
191.033127
191.451950
192.131744
192.799530
193.230362
193.586624
194.008179
194.405869
194.697678
194.951584
195.106842
194.942978
194.363022
193.416809
192.253204
191.082809
190.098495
189.266327
188.364944
187.201538
185.621689
183.512970
181.720795
180.722885
179.860519
178.810364
177.664978
176.382370
174.986115
173.594711
171.882919
170.007721
168.590881
167.613678
166.874802
166.352310
166.114197
166.101700
166.214371
166.459076
166.836914
167.222809
167.527740
168.028809
169.237869
171.142502
172.602737
173.502502
174.074371
174.435852
174.629257
174.698441
174.701904
174.684601
174.684601
174.757278
174.861221
174.961823
175.135529
175.518890
176.061966
176.509430
176.852737
177.211639
177.654236
178.394455
179.250076
179.549286
179.439713
179.184525
179.049942
179.133575
179.341202
179.600479
179.897202
179.988983
179.772537
179.640717
179.633408
179.567581
179.483521
179.941238
182.306747
184.449371
371.212128
365.308136
362.634644
361.950104
336.089630
338.047607
341.410553
54.969025
210.300430
219.517654
216.958160
215.064255
214.311752
203.122833
204.355881
205.422028
194.337326
189.591797
187.348663
177.707932
169.468719
170.155304
170.378815
169.599075
168.099258
166.622574
165.820633
165.795715
166.201859
167.168930
168.526443
168.826447
168.156937
166.559662
166.114197
165.973557
165.886139
166.292725
167.042282
167.725250
168.690842
170.576523
171.933182
171.946579
171.145828
170.033936
169.260574
168.884628
169.108063
170.451248
172.636520
174.885498
176.767685
177.489792
177.532654
177.307816
177.097763
177.097763
177.158249
176.838562
175.977646
175.086853
174.826553
175.445572
177.657822
184.368408
186.001389
185.789810
184.859161
183.589355
182.201294
181.012192
179.651688
177.532654
174.694977
168.904037
162.847809
159.826050
157.663300
156.202957
156.062012
159.742096
164.282516
163.106796
160.945969
158.710175
156.596771
153.642471
151.830750
149.188095
147.294586
147.071075
147.368423
147.642242
147.778290
147.471909
146.821365
146.302628
146.195923
146.443512
146.818924
146.960815
146.748093
146.314758
145.925018
145.585388
145.237793
145.170853
145.734528
146.889832
148.217850
149.534607
151.045502
152.804001
154.647308
156.291534
157.500000
158.149536
158.319885
158.220459
158.047516
157.908875
157.968262
158.425095
159.208649
160.002899
160.562149
160.896057
161.101776
161.160660
160.990036
160.649887
160.354874
160.244186
160.372391
160.679153
161.045883
161.375900
161.686523
162.019180
162.371124
162.616608
162.604630
162.206894
161.500015
160.778732
160.430725
160.819778
162.007278
164.102188
165.304749
161.426117
0.000000
158.990540
159.672684
164.506195
165.029465
0.000000
0.000000
0.000000
0.000000
0.000000
208.609283
209.282455
0.000000
0.000000
0.000000
0.000000
2310.715332
2393.487305
2420.417236
2402.615234
2367.785156
2335.186768
2316.784912
2322.886719
2354.511475
2393.487305
2390.244141
2368.421143
2365.245605
2360.813965
2315.568359
2257.486572
2243.704102
2255.754639
2254.025146
2234.608643
2223.903320
1255.873657
2282.018311
2298.072021
2307.088623
2339.522705
2413.793213
2430.421631
2358.288818
2285.566162
2240.853760
2214.411377
2198.952881
2213.300049
2263.860352
2313.139160
2365.245605
2399.347168
2380.566895
2319.221680
2279.070068
2274.368408
2301.670166
2327.791016
2306.485596
2292.695801
2304.075195
2353.883301
2398.694580
2377.358643
2349.494141
2337.042969
2336.424072
2360.182129
2401.306885
2416.438477
2413.793213
2417.100830
2432.432617
0.000000
0.000000
3808.290527
3788.659912
3767.621094
3774.069580
3793.548584
3791.917725
3730.964844
3655.201172
3572.296631
3497.224854
3456.113037
3453.406738
0.000000
1878.194214
1883.005981
1861.545044
1814.814819
1789.046631
1775.719849
0.000000
0.000000
0.000000
1733.149902
1736.220459
1736.220459
1732.128906
0.000000
1694.199097
359.135162
359.252167
356.493256
0.000000
0.000000
0.000000
0.000000
0.000000
0.000000
0.000000
0.000000
0.000000
0.000000
0.000000
0.000000
0.000000
0.000000
0.000000
0.000000
0.000000
0.000000
183.539703
0.000000
0.000000
0.000000
0.000000
217.252075
221.485611
222.211014
0.000000
0.000000
223.608154
225.980026
228.148682
227.689285
226.217667
0.000000
0.000000
0.000000
276.108185
0.000000
0.000000
0.000000
0.000000
0.000000
0.000000
1236.159790
1267.787842
1277.890503
1280.302002
1284.216675
1298.204346
1313.086182
0.000000
318.262177
318.814392
0.000000
0.000000
0.000000
0.000000
0.000000
0.000000
0.000000
0.000000
0.000000
219.933670
221.307770
222.648575
0.000000
0.000000
0.000000
213.838928
0.000000
127.366463
252.237839
218.755417
224.341858
219.802139
215.305756
214.990860
215.284729
0.000000
0.000000
0.000000
247.551147
247.474747
248.031494
239.504684
0.000000
0.000000
120.597244
119.882568
242.247803
244.213089
246.389359
247.919937
0.000000
0.000000
0.000000
0.000000
0.000000
0.000000
164.668976
0.000000
0.000000
0.000000
0.000000
198.322571
0.000000
0.000000
0.000000
0.000000
0.000000
0.000000
0.000000
0.000000
0.000000
0.000000
0.000000
242.921677
242.440903
244.619476
0.000000
0.000000
0.000000
226.513947
0.000000
0.000000
0.000000
0.000000
0.000000
119.139282
119.520294
119.601326
119.583488
119.466866
119.269775
0.000000
222.188644
222.037598
221.970551
234.949387
0.000000
0.000000
0.000000
3520.958252
3452.055176
3456.113037
3472.441162
3476.547363
3471.074707
3468.344727
3462.897949
3450.704590
3437.256592
3431.906982
3418.604980
3396.226807
3392.307617
3392.307617
3375.430664
3339.644043
3309.568604
3288.590820
3273.942139
3270.300537
3289.817383
3299.663330
3278.810791
3251.013672
3236.697510
3242.647217
3243.839844
3234.323486
3228.404297
3228.404297
3224.863037
3202.614746
3179.524414
393.363647
384.581848
380.516846
381.207611
384.665710
122.704506
121.188805
119.877678
119.428040
119.113541
118.837494
118.427414
490.108948
116.787163
115.822510
114.367218
113.560280
532.769531
528.270264
506.198334
491.118683
489.157562
486.701233
477.712158
411.841614
411.553375
411.803162
403.126312
388.409363
384.867126
387.232727
386.519989
0.000000
0.000000
236.467468
238.339737
240.858566
242.261093
227.695175
224.450333
0.000000
0.000000
0.000000
187.579742
187.987549
214.770981
212.391937
236.473801
235.734329
0.000000
0.000000
0.000000
0.000000
96.320808
0.000000
0.000000
0.000000
229.514160
230.028961
0.000000
0.000000
0.000000
0.000000
0.000000
0.000000
236.924820
236.810303
235.841476
236.714966
235.576920
233.148300
231.909973
231.186600
242.354309
229.514160
0.000000
0.000000
0.000000
0.000000
0.000000
157.410049
159.629333
0.000000
0.000000
0.000000
0.000000
0.000000
0.000000
0.000000
0.000000
189.767197
194.495895
236.963013
250.767654
266.183777
265.526672
4154.499023
4198.001465
4252.652344
1394.907471
1391.386719
4351.258301
4463.562988
4634.787598
4681.529297
4558.140137
4396.809570
4355.555664
4403.395020
0.000000
0.000000
2068.965576
2085.599365
2093.023193
0.000000
0.000000
1359.642456
1356.088501
1357.549561
0.000000
1377.049072
1371.908569
1366.594360
1367.441895
1370.842529
1379.202515
1394.245972
3858.267822
3849.847656
0.000000
0.000000
0.000000
0.000000
0.000000
4224.138184
4170.213379
0.000000
0.000000
0.000000
0.000000
0.000000
0.000000
3824.805176
3944.543945
4092.807861
4135.021484
1406.474243
0.000000
0.000000
3803.363770
3688.833496
3682.672607
3695.015137
3724.662354
3803.363770
3960.485107
4029.237549
3990.950439
3964.044922
3978.349121
4001.814941
3964.044922
3928.730713
3941.018799
3969.396973
252.497787
0.000000
0.000000
0.000000
0.000000
0.000000
0.000000
0.000000
0.000000
0.000000
0.000000
0.000000
0.000000
0.000000
0.000000
0.000000
0.000000
0.000000
0.000000
0.000000
0.000000
0.000000
0.000000
0.000000
0.000000
0.000000
0.000000
0.000000
233.123642
232.515228
230.546036
219.097778
0.000000
0.000000
0.000000
0.000000
0.000000
185.422668
186.256699
188.256378
190.698578
211.718964
211.551376
0.000000
0.000000
0.000000
277.175446
276.601746
228.089676
121.017532
121.117249
0.000000
0.000000
0.000000
0.000000
0.000000
0.000000
0.000000
0.000000
0.000000
0.000000
0.000000
0.000000
116.608055
133.174301
132.963486
223.795395
221.424454
217.166504
0.000000
0.000000
0.000000
0.000000
1029.892578
1046.884277
0.000000
0.000000
0.000000
1100.162231
1105.956055
1111.111206
1114.621582
1107.344604
1093.478882
1087.412109
1097.970825
1119.715698
1155.508911
0.000000
0.000000
0.000000
0.000000
0.000000
216.097031
0.000000
0.000000
259.862701
0.000000
0.000000
0.000000
0.000000
0.000000
0.000000
250.789047
219.534042
221.274460
232.815964
234.699310
235.734329
237.684601
0.000000
0.000000
0.000000
0.000000
0.000000
0.000000
0.000000
0.000000
0.000000
0.000000
0.000000
0.000000
0.000000
227.536560
228.107376
228.408646
230.161011
11902.836914
0.000000
0.000000
0.000000
0.000000
0.000000
183.429001
189.542908
0.000000
0.000000
0.000000
0.000000
243.545502
229.939011
229.573914
229.627701
242.287720
203.015305
198.644165
186.528488
189.992020
233.822021
235.772141
0.000000
0.000000
0.000000
207.798325
208.156326
0.000000
166.836914
153.679962
273.420563
268.028076
262.946075
126.247086
125.892097
124.029701
123.824234
123.792953
119.750717
119.863007
119.812531
119.381165
118.827888
118.081772
117.496605
117.038223
116.737701
116.617302
116.523323
116.484856
116.531021
116.612686
116.705261
116.719162
116.574150
116.217789
115.796661
114.915573
114.327194
114.066971
113.921112
113.728683
113.509132
113.558823
113.887276
114.044838
114.124527
114.130440
113.960846
113.589539
113.161072
112.910446
112.890221
113.042145
113.274422
113.465324
113.516441
113.425926
113.363235
113.332649
113.187210
112.819466
112.306618
111.656876
110.745590
606.644226
618.513306
625.842651
627.579346
626.509460
625.887024
628.787292
638.436523
97.651703
666.515503
674.466614
99.787300
100.206779
694.980713
698.613892
703.573730
708.263062
710.717163
713.534485
720.235168
732.923401
764.033325
783.512512
783.860657
0.000000
0.000000
0.000000
0.000000
0.000000
709.402405
0.000000
0.000000
0.000000
0.000000
680.030884
678.827087
677.627502
677.315308
675.086121
773.752075
777.503540
648.434021
643.983704
0.000000
0.000000
0.000000
622.837341
620.558594
619.382019
619.034241
618.426636
612.883057
730.737366
735.061279
596.268250
186.773392
0.000000
0.000000
0.000000
0.000000
0.000000
0.000000
0.000000
221.402222
0.000000
0.000000
0.000000
125.202278
216.840805
216.112915
214.509811
212.971466
213.239212
214.635101
221.385544
0.000000
125.159637
0.000000
0.000000
0.000000
0.000000
0.000000
0.000000
0.000000
271.242737
271.551727
0.000000
0.000000
0.000000
0.000000
230.726974
230.745087
229.968979
228.266785
224.862335
222.822937
204.887558
0.000000
2708.013428
2731.495850
2757.973877
2781.457275
2808.917480
2861.778320
219.862396
0.000000
79.876114
79.649612
0.000000
218.891144
218.766266
0.000000
0.000000
0.000000
0.000000
0.000000
0.000000
0.000000
0.000000
1011.235962
1008.345703
1013.909668
0.000000
0.000000
0.000000
1001.362366
1006.389771
0.000000
0.000000
0.000000
0.000000
258.673798
259.244019
0.000000
0.000000
0.000000
0.000000
0.000000
0.000000
427.677856
426.334106
431.844879
445.432068
471.682953
238.204559
223.732941
222.513748
0.000000
0.000000
0.000000
226.846024
228.237244
270.826324
270.768097
0.000000
0.000000
0.000000
0.000000
0.000000
0.000000
0.000000
411.745483
376.874756
374.379211
411.726257
224.965561
225.045944
225.183823
233.791016
232.392700
230.257156
250.042526
251.174713
124.083794
220.648926
218.527802
0.000000
0.000000
231.392807
0.000000
345.895905
349.986115
360.500275
372.497681
388.974640
402.262177
406.414154
409.946564
448.946381
0.000000
273.964081
235.193726
236.372421
227.954086
228.515167
0.000000
0.000000
0.000000
131.960861
250.319275
236.518188
234.899323
221.909134
220.549622
340.474823
340.724731
345.475922
347.832947
2500.000000
2497.876221
4902.724121
4856.828125
4762.419434
4661.733887
2396.088135
2422.411377
2460.937744
2469.896484
242.068298
227.859879
228.580322
245.990799
249.943314
267.759583
271.001038
273.115753
268.664886
255.504044
0.000000
0.000000
0.000000
346.480194
344.168274
336.243378
297.249939
269.774261
246.568451
245.415848
247.218109
248.850266
249.462616
249.490845
249.068115
247.899033
246.031967
243.821533
239.550232
230.775269
217.209274
212.842987
206.137375
202.442169
201.199905
201.213669
203.183670
212.884079
216.899475
231.708923
238.823761
243.035461
257.766602
278.787506
297.801910
303.134460
304.400360
304.452881
302.438019
297.219879
286.187103
277.707794
258.757263
254.979614
255.422668
258.977600
264.888733
269.518707
272.853821
275.203613
275.659454
271.727417
260.792419
252.259476
249.377975
250.710632
255.904373
262.187866
267.418579
272.188599
276.324432
278.778687
280.151215
281.519318
284.800934
290.418152
296.102325
300.705750
302.396576
302.624786
302.853394
303.113617
302.957428
302.147919
300.880127
299.348389
297.440399
294.746704
291.550995
288.924561
286.214935
282.801086
280.293640
279.884491
281.232056
137.732880
136.020859
135.467224
134.549667
133.952972
133.577667
132.731384
131.954941
262.141113
260.576691
127.519310
126.214561
125.506935
124.975204
124.153664
123.505196
123.356644
246.906662
249.356827
257.653656
261.876495
264.578857
268.028076
275.237946
286.177795
292.217499
295.487305
298.436737
301.085541
302.770233
303.583099
304.884369
3414.634521
3360.000000
3356.164551
3356.164551
3349.791016
3345.979004
3348.519531
3342.175049
3329.558350
3333.333496
3372.848877
3460.180664
418.584808
421.364441
441.264740
129.372940
125.787956
124.920334
123.928619
122.510208
122.224991
121.700500
120.210976
119.758858
119.547836
119.640259
0.000000
0.000000
510.653076
510.593933
519.985840
535.389099
550.252686
558.263245
545.420837
0.000000
0.000000
2265.604980
2173.484619
0.000000
402.519165
397.530090
390.507385
384.498016
377.100342
366.980103
118.367020
117.681595
115.996162
115.324272
113.971161
112.652313
225.951065
226.130646
224.656128
222.772293
109.490410
112.202316
116.008369
119.619164
119.594841
119.158592
117.846695
117.094154
116.288261
115.875771
115.594810
115.274529
114.858704
114.428055
113.907867
113.369064
583.603516
581.986145
277.149323
274.903381
273.530762
547.690063
545.927246
547.078552
549.395813
551.456787
552.181824
551.043396
548.268799
108.612663
537.837708
0.000000
0.000000
0.000000
0.000000
197.598358
218.424973
109.820328
109.441505
109.140854
108.634064
107.995590
107.863518
108.015434
108.634064
109.706947
109.111153
107.725189
107.167587
107.042732
107.076515
106.970024
106.654419
106.304764
106.134628
106.073364
106.029999
105.965042
105.903961
105.937035
106.018539
106.092506
106.083572
105.879807
105.636330
105.541527
105.368790
104.792915
629.909973
624.645935
617.258057
608.779663
600.940247
595.181824
589.808777
582.716675
203.709259
204.811447
103.491974
105.292061
106.687950
107.132446
107.237961
107.431274
107.522949
220.455917
218.576538
92.978149
93.157867
207.071411
211.978470
2789.374023
2889.908447
3013.324463
3039.283447
3010.239014
3021.582764
3087.154297
3136.557617
3124.335938
3082.838379
3059.313477
3096.910156
0.000000
0.000000
786.236389
787.148560
791.173340
1237.721069
2817.891357
2627.345947
2566.191406
2492.229492
2398.042480
2373.520020
2394.787109
2434.446533
0.000000
0.000000
0.000000
0.000000
0.000000
0.000000
0.000000
0.000000
2960.725342
2916.666748
2942.943115
3012.295166
528.270264
531.165283
535.129272
490.245117
493.979279
0.000000
0.000000
143.894272
289.883636
312.444641
312.888031
312.013580
311.616730
311.660767
327.686127
326.436951
342.617432
0.000000
0.000000
0.000000
0.000000
2765.757568
2778.828125
2861.778320
3054.016602
3152.251953
0.000000
0.000000
2371.605469
2325.336426
2310.715332
2392.837891
2504.259033
2542.519531
2540.322754
2535.211426
2535.940186
2517.842041
2488.713379
2500.708984
2539.591064
2553.561279
2525.050049
2474.053467
2438.485107
2402.615234
2357.658447
2300.469482
0.000000
955.683167
654.691223
658.159851
657.767212
925.984253
937.400391
946.148865
954.029236
0.000000
0.000000
2607.153564
2628.128906
2652.631592
2655.027344
2643.885254
2621.878662
2546.924805
2332.099365
390.282776
630.946472
984.265137
977.718689
963.408020
936.604004
2141.296387
2117.647217
2073.830322
2049.256592
2032.258179
2005.001221
1971.390381
1963.927856
0.000000
0.000000
0.000000
0.000000
0.000000
0.000000
145.386215
0.000000
0.000000
217.225327
218.760849
235.507721
237.460632
0.000000
0.000000
0.000000
0.000000
115.491890
0.000000
0.000000
0.000000
0.000000
224.091064
221.786362
0.000000
0.000000
0.000000
208.530365
208.195648
207.910995
236.005569
236.467468
612.797913
607.982361
898.990906
901.195496
906.195374
1818.181885
1837.117310
1854.109741
225.132095
111.770073
111.541092
0.000000
0.000000
0.000000
224.948349
205.954468
0.000000
2064.606934
2063.640625
2064.606934
2070.422607
242.028427
124.169388
128.804245
131.146561
0.000000
618.600098
628.742493
634.486755
640.941772
650.442505
668.840576
345.475922
338.748718
327.747040
637.053101
625.310181
616.998962
306.996185
307.982391
309.419403
309.767151
308.423950
305.825256
305.253693
308.780304
315.439392
325.846039
335.246490
337.840424
336.564148
332.779938
329.178162
327.625275
326.557831
319.924561
313.823181
313.310364
313.878998
